1,1,1,0,0,0,0,0,2,0,0,-1,0,0|2|-246.2746
0,0,0,0,0,0,0,0,1,0,0,-1,0,0|2|4.853666
0,0,0,0,0,0,0,0,0,1,0,0,-1,0|4|-1.499547
0,0,0,0,0,0,0,0,0,1,0,0,-1,0|2|21.68198
0,0,0,0,0,0,0,0,1,0,1,-1,0,-1|1|0
0,0,0,0,0,0,0,0,1,0,1,-1,0,-1|3|-0.09
0,0,1,0,0,0,0,0,0,1,0,0,-1,0|0|2.848526
0,0,0,0,0,0,0,0,1,0,1,-1,0,-1|0|0.02287208
0,0,0,0,0,0,0,1,1,0,1,-1,0,-1|0|0.2669695
0,0,0,0,0,1,1,1,1,0,1,-1,0,-1|4|-0.1875513
0,0,0,0,0,1,0,0,1,1,0,-1,-1,0|4|-11.42179
0,0,1,0,0,1,0,0,1,1,0,-1,-1,0|3|-0.302979
0,0,1,0,0,0,0,0,1,0,0,-1,0,0|2|-8.323183
0,0,0,0,0,0,0,0,1,1,0,-1,-1,0|4|-6.133296
0,0,0,0,0,0,0,0,1,1,0,-1,-1,0|0|1.733563
0,0,0,0,0,0,0,0,1,1,0,-1,-1,0|2|23.17823
0,0,0,0,0,0,0,0,1,1,1,1,-1,-1|4|-2.609231
0,0,0,0,0,0,0,0,1,1,1,1,-1,-1|2|3.683647
1,1,1,0,0,0,0,0,2,1,1,-1,1,-1|2|-30.6659
0,0,0,0,0,0,0,0,1,0,0,1,0,0|1|9.019173
0,0,0,0,0,0,0,0,1,0,0,1,0,0|0|14.70952
0,0,0,0,0,0,0,0,1,0,0,1,0,0|3|87.80082
0,0,0,0,0,0,0,0,0,0,0,0,0,0|4|70.858
0,0,0,0,0,0,0,0,0,0,0,0,0,0|1|59.39649
0,0,0,0,0,0,0,0,0,0,0,0,0,0|3|68.20979
0,0,0,0,0,0,0,0,0,0,0,0,0,0|0|65.36451
0,0,0,0,0,0,0,0,0,0,0,0,0,0|2|98.75761
1,1,1,0,0,0,0,0,1,0,0,1,0,0|4|37.47577
0,0,1,0,0,0,0,0,1,0,0,1,0,0|4|-0.16
0,0,1,0,0,0,0,0,1,0,0,1,0,0|2|8.806027
0,0,0,0,0,0,0,0,0,1,0,0,1,0|3|-2.78834
1,1,0,0,0,0,0,0,1,0,0,1,0,0|1|31.20787
1,0,0,0,0,0,0,0,1,0,0,1,0,0|3|80.52966
1,1,0,0,0,0,0,0,1,0,0,1,0,0|2|-8.702393
1,1,1,0,0,0,0,0,2,0,0,1,0,0|0|23.51468
1,1,1,0,0,0,0,0,2,0,0,1,0,0|3|89.26346
1,1,1,0,0,0,0,0,2,0,0,1,0,0|4|20.2428
0,0,1,0,0,0,0,0,2,0,0,1,0,0|1|-4.146338
0,1,1,0,0,0,0,0,2,0,0,1,0,0|2|-110.307
0,0,0,0,0,0,0,0,1,0,0,1,0,0|4|11.77741
0,0,0,0,0,0,0,0,1,0,0,1,0,0|2|-0.7707286
0,0,0,0,0,0,0,0,0,1,0,0,1,0|4|-2.81671
0,0,1,0,0,0,0,0,0,1,0,0,1,0|0|-3
1,1,1,0,0,0,0,0,2,0,0,1,0,0|2|-254.9099
0,0,0,0,0,0,0,0,1,1,1,-1,-1,-1|1|0.4795021
0,0,0,0,0,0,0,0,1,1,1,-1,-1,-1|2|11.80247
0,0,0,0,0,0,0,0,1,1,1,1,1,-1|3|-0.9245351
0,0,0,0,0,0,0,0,1,1,1,1,1,-1|0|0.6452144
0,0,0,0,0,0,0,0,1,1,1,1,1,-1|4|0.62518
1,1,0,0,0,0,0,0,1,1,1,1,1,-1|3|-0.08662149
1,1,1,0,0,0,0,0,2,1,0,-1,1,0|3|-1.906276
1,1,1,0,0,0,0,0,2,1,0,-1,1,0|2|-96.99127
0,0,0,0,0,0,0,0,1,1,0,1,-1,0|2|5.377583
1,1,1,0,0,0,0,0,2,1,1,1,1,-1|1|-3.239979
1,1,1,0,0,0,0,0,2,1,1,1,1,-1|0|-3.242126
1,1,1,0,0,0,0,0,2,1,1,1,1,-1|3|-3.082027
0,0,0,0,0,0,0,0,1,1,0,1,-1,0|0|0.05947218
1,1,1,0,0,0,0,0,2,1,1,1,1,-1|4|-3.0797
0,0,1,0,0,0,0,0,2,1,1,1,1,-1|1|-0.969703
0,1,1,0,0,0,0,0,2,1,1,1,1,-1|2|-35.88635
1,1,1,0,0,0,0,0,2,1,0,-1,-1,0|3|-3.812702
0,0,0,0,0,0,0,0,1,0,0,-1,0,0|3|4.558827
0,0,0,0,0,0,0,0,1,0,0,-1,0,0|1|0.7575779
1,1,1,0,0,0,0,0,2,1,0,-1,-1,0|2|-84.8079
0,0,1,0,0,0,0,0,0,0,0,0,0,0|2|87.26718
0,0,0,0,0,0,0,1,1,1,0,-1,-1,0|3|-0.7950298
0,0,0,0,0,0,0,0,1,0,0,-1,0,0|0|0.465392
0,0,1,0,0,0,0,0,2,1,1,1,-1,-1|0|-0.009499446
0,0,0,0,0,0,0,0,2,1,1,1,-1,-1|1|-3.002516
0,0,1,0,0,0,0,0,2,1,1,1,-1,-1|4|-0.08
0,0,0,0,0,0,0,0,2,1,1,1,-1,-1|4|-0.08
1,0,0,0,0,0,0,0,2,1,1,1,-1,-1|3|-0.7058223
0,0,0,0,0,0,0,0,1,1,0,-1,-1,0|1|1.99809
0,0,0,0,0,0,0,1,2,1,1,1,-1,-1|0|0.0004821893
1,0,0,0,0,0,0,1,2,1,1,1,-1,-1|0|0
1,1,0,0,0,0,0,0,2,1,1,1,-1,-1|0|0.3801805
1,1,1,0,0,0,0,0,2,1,1,1,-1,-1|4|-2.007619
0,0,1,0,0,0,0,1,2,1,1,1,-1,-1|0|0.009572445
0,0,1,0,0,1,1,1,2,1,1,1,-1,-1|1|0
0,1,1,0,0,0,0,0,2,1,1,1,-1,-1|4|-3.301654
0,0,1,0,0,1,0,0,2,1,1,1,-1,-1|2|0.07
0,0,0,0,0,0,0,0,0,2,1,0,1,-1|2|1.966205
0,0,0,0,0,0,0,1,0,0,2,0,0,1|2|16.10507
1,0,0,0,0,0,0,0,0,0,0,0,0,0|1|37.12853
0,0,0,0,0,0,0,0,1,1,0,-1,1,0|4|-0.9512879
0,0,0,0,0,0,0,0,1,1,0,-1,1,0|0|0.1007651
0,0,0,0,0,0,0,0,1,1,0,-1,1,0|2|9.033544
1,1,1,0,0,0,0,0,2,1,1,-1,-1,1|2|-38.45749
0,0,0,0,0,0,0,0,1,1,0,1,1,0|2|19.33887
0,0,1,0,0,0,0,0,0,1,1,0,1,1|2|4.103935
0,0,0,0,0,0,0,0,1,0,1,1,0,1|4|-2
0,0,0,0,0,0,0,0,1,0,1,1,0,1|3|-1.842776
0,0,1,0,0,0,0,0,0,1,1,0,1,1|1|0
0,0,0,0,0,0,0,0,1,1,1,1,1,1|0|-2.774345
0,0,1,0,0,0,0,0,0,1,1,0,1,1|0|0
0,0,0,0,0,0,0,0,0,1,1,0,1,1|2|8.73839
0,0,0,0,0,0,0,0,1,0,1,1,0,1|2|1.02179
0,0,1,0,0,0,0,0,0,1,0,0,1,0|2|5.098839
1,1,1,0,0,0,0,1,2,1,0,1,1,0|0|-0.8894619
1,1,1,0,0,0,0,0,2,1,0,1,1,0|2|-164.4851
1,1,1,0,0,0,0,0,2,0,0,1,0,0|1|24.74616
0,0,0,0,0,0,0,0,0,1,0,0,1,0|0|0.2767262
0,0,0,0,0,0,0,0,0,1,0,0,1,0|2|16.92146
0,0,0,0,0,0,0,0,0,0,1,0,0,1|1|4.945111
0,0,0,0,0,0,0,0,0,0,1,0,0,1|2|88.51115
0,0,0,0,0,0,0,0,1,1,0,-1,-1,0|3|-0.06210729
0,0,1,0,0,0,0,0,1,1,0,-1,-1,0|2|-4.487175
1,0,1,0,0,0,0,0,0,0,0,0,0,0|1|36.28481
0,0,0,0,0,0,0,0,0,0,1,0,0,-1|0|13.0763
0,0,1,0,0,0,0,0,0,0,1,0,0,-1|1|25.25917
0,0,0,0,0,0,1,1,0,0,1,0,0,-1|1|34.67514
0,0,0,0,0,1,1,1,0,0,1,0,0,-1|2|24.38391
0,0,0,0,0,1,0,0,0,0,1,0,0,-1|1|47.85735
0,0,0,0,0,1,0,0,0,0,1,0,0,-1|3|-0.2632111
0,0,1,0,0,1,0,0,0,0,1,0,0,-1|4|-1.149897
0,0,0,0,0,0,0,0,0,0,1,0,0,-1|3|-1.050181
0,0,0,0,0,0,0,0,0,0,1,0,0,-1|2|108.0673
0,0,1,0,0,0,0,1,0,0,1,0,0,-1|0|1.046281
1,0,0,0,0,0,0,0,0,0,1,0,0,-1|3|-1.119305
0,0,0,0,0,0,0,1,0,1,1,0,-1,-1|1|-8.817165
0,0,0,0,0,0,0,0,1,1,1,-1,1,1|3|-1.178146
0,0,0,0,0,0,0,0,1,1,1,-1,1,1|4|-1.121756
0,0,0,0,0,0,0,0,1,1,1,-1,1,1|2|4.477103
1,1,1,0,0,0,0,0,2,1,1,1,-1,1|1|-2.798157
1,1,1,0,0,0,0,0,2,1,1,1,-1,1|3|-3.24712
0,0,0,0,0,0,0,0,1,0,1,-1,0,1|2|9.768378
0,0,0,0,0,0,0,0,1,1,1,-1,-1,-1|0|0.2133029
0,0,1,0,0,0,0,0,0,1,1,0,-1,-1|0|1.000377
0,0,0,0,0,0,0,0,0,1,1,0,-1,-1|3|-2.136332
0,0,0,0,0,0,0,0,0,1,1,0,-1,-1|2|17.7928
0,0,0,0,0,0,0,0,1,0,1,-1,0,-1|2|8.887302
1,1,1,0,0,0,0,0,2,0,1,-1,0,-1|3|-1.275606
1,1,1,0,0,0,0,0,2,0,1,-1,0,-1|0|-0.0143244
1,1,1,0,0,0,0,0,2,0,1,-1,0,-1|1|-0.02759568
1,1,0,0,0,0,0,0,2,0,1,-1,0,-1|1|0.01035558
1,0,0,0,0,0,0,0,2,0,1,-1,0,-1|1|0
0,0,0,0,0,0,0,0,2,0,1,-1,0,-1|0|-0.03490508
1,0,0,0,0,0,0,0,2,0,1,-1,0,-1|0|0.0001150519
1,1,0,0,0,0,0,0,2,0,1,-1,0,-1|0|-1.348491E-06
0,0,0,0,0,0,0,0,2,0,1,-1,0,-1|1|-0.05821373
0,0,1,0,0,0,0,1,2,0,1,-1,0,-1|1|0.01180685
0,1,1,0,0,0,0,0,2,0,0,-1,0,0|1|2.319783
0,0,0,0,0,0,0,0,2,0,0,-1,0,0|1|0.2205134
0,0,1,0,0,0,0,0,2,0,0,-1,0,0|2|2.665674
0,0,1,0,0,0,0,0,2,2,0,-1,-1,0|4|-2.552535
0,1,1,0,0,0,0,0,0,2,0,0,-1,0|2|0.9933722
1,1,1,0,0,0,0,0,2,0,2,-1,0,-1|1|0
1,0,0,0,0,0,0,0,2,0,2,-1,0,-1|2|0.2832036
1,1,1,1,0,1,0,0,2,2,2,1,-1,-1|1|-0.08702392
1,1,1,0,0,0,0,1,2,2,2,1,-1,-1|2|-11.54537
0,0,0,0,0,0,0,0,1,1,0,1,1,0|4|3.106555
0,0,0,0,0,0,0,0,1,1,0,1,1,0|3|-0.3900688
0,0,0,0,0,0,0,0,1,1,0,1,1,0|0|1.18463
1,1,1,0,0,0,0,1,2,0,0,-1,0,0|2|-33.27893
1,1,1,0,0,0,0,0,2,0,1,1,0,1|0|-0.0514527
1,1,1,0,0,0,0,0,2,0,1,1,0,1|4|-1.188864
1,1,1,0,0,0,0,0,2,0,1,1,0,1|2|-50.93259
1,0,0,0,0,0,0,0,0,1,0,0,1,0|2|11.43105
1,1,1,0,0,0,0,0,2,0,1,-1,0,1|0|-0.5187226
1,1,1,0,0,0,0,0,2,0,1,-1,0,1|3|-1.146747
1,1,1,0,0,0,0,0,2,0,1,-1,0,1|2|-76.22307
1,1,1,0,0,0,0,0,2,0,1,-1,0,1|1|-0.6903737
1,1,1,0,0,0,0,0,2,0,1,1,0,-1|3|-0.3375583
1,1,1,0,0,0,0,0,2,0,1,1,0,-1|0|-0.02773699
1,1,1,0,0,0,0,0,2,0,1,1,0,-1|4|-1.048831
1,1,1,0,0,0,0,0,2,0,1,1,0,-1|2|-62.7963
0,0,1,0,0,0,0,0,0,0,0,0,0,0|3|4.904669
1,1,1,0,0,0,0,0,2,1,0,-1,1,0|0|-2.091535
1,1,1,0,0,0,0,0,2,1,0,-1,1,0|1|0.2885769
1,1,1,0,0,0,0,0,2,1,0,-1,1,0|4|-3.203342
1,1,1,0,0,0,0,0,2,1,0,-1,-1,0|0|-5.272185
1,1,1,0,0,0,0,0,2,1,0,-1,-1,0|1|-6.753309
1,1,1,0,0,0,0,0,2,1,0,1,-1,0|2|-103.9385
1,1,1,0,0,0,0,0,2,1,1,1,-1,1|2|-33.28924
0,0,0,0,0,0,0,0,0,0,1,0,0,-1|1|16.82857
0,0,0,0,0,0,0,1,0,1,0,0,-1,0|3|-0.964105
0,0,0,0,0,0,0,1,0,1,0,0,-1,0|1|-0.02236339
0,0,1,0,0,0,0,0,0,1,1,0,-1,-1|4|-0.08
0,0,1,0,0,0,0,0,0,1,1,0,-1,-1|1|-0.03632024
0,0,1,0,0,0,0,1,1,0,1,-1,0,-1|2|0.02848196
0,0,0,0,0,0,0,1,0,0,0,0,0,0|4|-0.5100143
0,0,0,0,0,0,0,1,0,0,0,0,0,0|3|22.96715
0,0,0,0,0,0,0,0,2,0,0,-1,0,0|2|6.512851
1,0,0,0,0,0,0,1,2,2,0,1,-1,0|4|-0.3176
1,0,0,0,0,0,0,0,2,2,0,1,-1,0|4|-3.092259
0,1,0,0,0,0,0,0,2,2,0,1,-1,0|0|-0.1758506
0,0,1,0,0,0,0,0,2,2,0,1,-1,0|1|-14.47729
0,0,0,0,0,0,0,0,1,1,0,1,-1,0|1|0.06743537
0,0,0,0,0,0,0,0,1,1,1,1,1,-1|1|0.0004602475
0,0,0,0,0,0,1,1,1,1,1,1,1,-1|4|-0.1023799
0,0,0,0,0,0,0,1,1,1,1,1,1,-1|0|1.490103
0,0,0,0,0,0,1,1,1,1,1,1,1,-1|3|-3.09
1,1,1,0,0,0,0,0,2,1,0,-1,-1,0|4|-4.781552
1,1,0,0,0,0,0,0,2,1,0,-1,-1,0|0|-0.3655128
0,0,0,0,0,0,0,0,2,1,0,-1,-1,0|4|-0.8799999
0,0,0,0,0,0,0,0,2,1,0,-1,-1,0|3|-0.8752633
0,0,1,0,0,0,0,0,2,1,0,-1,-1,0|0|-0.03241771
1,1,0,0,0,0,0,0,2,1,0,-1,-1,0|1|-2.801872
1,0,0,0,0,0,0,0,2,1,0,-1,-1,0|2|2.004912
1,0,0,1,0,0,1,1,2,2,1,-1,-1,-1|0|-3
0,0,0,0,0,0,0,1,1,1,0,-1,-1,0|2|18.31162
0,0,0,0,0,0,0,0,1,1,1,1,1,-1|2|78.00751
1,0,0,0,0,0,0,0,2,1,0,-1,1,0|4|-1.787335
0,0,0,0,0,0,0,0,2,1,0,-1,1,0|1|-5.794071
0,1,1,0,0,0,0,0,2,1,0,-1,1,0|1|0.0004950208
0,0,0,1,0,0,0,0,2,1,0,-1,1,0|4|-0.16
0,0,0,0,0,0,0,0,0,1,1,0,-1,1|2|10.76979
1,0,0,0,0,0,0,0,0,0,1,0,0,-1|4|-0.6513411
1,0,0,0,0,0,0,0,0,0,1,0,0,-1|0|19.6023
0,0,0,0,0,0,0,1,0,0,1,0,0,-1|3|-6.429806
0,0,1,0,0,0,0,0,0,1,1,0,1,-1|2|1.944892
0,0,0,0,0,0,0,0,0,0,1,0,0,1|4|6.685164
0,0,0,0,0,1,0,0,0,0,1,0,0,1|3|-3.52974
0,0,0,0,0,1,0,0,0,0,1,0,0,1|4|-3.24559
0,0,0,0,0,1,1,1,0,0,1,0,0,1|4|0.2335995
0,0,0,0,0,0,0,1,0,0,0,0,0,0|2|2.913573
1,1,0,0,0,0,0,0,1,0,0,-1,0,0|2|-3.819375
0,0,0,0,0,0,0,0,0,0,1,0,0,1|0|7.082218
0,0,0,0,0,0,0,1,1,1,0,1,-1,0|2|1.652452
0,0,0,0,0,0,0,0,1,0,1,1,0,-1|4|-2.7912
1,0,0,0,0,0,0,0,1,0,1,1,0,-1|3|-0.1770475
0,0,0,0,0,1,0,0,0,1,1,0,-1,1|1|-2.61767
0,0,1,0,0,0,0,0,0,1,1,0,-1,1|0|0.4834743
0,0,0,0,0,1,1,0,0,1,1,0,-1,1|3|-6.1491
1,1,1,0,0,0,0,0,2,0,1,-1,0,1|4|-1.324603
1,1,1,0,0,0,0,1,2,1,0,-1,1,0|4|-2.72
1,1,1,0,0,0,0,1,2,1,0,-1,1,0|2|-5.8307
0,0,0,0,0,0,0,0,0,1,1,0,1,-1|3|-3.053756
0,0,0,0,0,0,0,0,1,1,1,1,-1,-1|3|-1.555757
0,0,0,0,0,0,0,0,1,1,1,-1,-1,-1|3|-0.0043593
0,0,0,0,0,0,0,1,1,1,1,-1,-1,-1|0|0.8718241
1,0,0,0,0,0,0,0,1,1,1,1,-1,-1|0|0.6113763
0,1,1,0,0,0,0,0,1,1,1,1,-1,-1|0|0.07121518
0,0,0,0,0,1,1,1,1,1,1,-1,-1,-1|1|0.1348496
0,0,0,0,0,0,1,1,1,1,1,1,-1,-1|3|-3.09
0,0,0,0,0,0,0,0,0,1,0,0,-1,0|0|0.2364297
1,1,1,0,0,0,0,0,2,0,1,-1,0,-1|2|-41.00028
1,1,1,0,0,0,0,1,2,0,0,1,0,0|2|-62.7963
0,1,1,0,0,0,0,0,2,1,0,-1,1,0|3|-0.05633286
1,1,1,0,0,0,0,0,2,0,0,-1,0,0|3|92.54368
1,1,0,0,0,0,0,0,2,0,0,-1,0,0|4|4.239197
1,0,0,0,0,0,0,0,2,0,0,-1,0,0|4|0.3819623
1,0,0,0,0,0,0,0,2,0,0,-1,0,0|0|75.14104
1,1,0,0,0,0,0,0,2,0,0,-1,0,0|3|93.74683
0,0,0,1,0,0,0,0,1,2,0,-1,-1,0|3|-1.076454
0,0,1,0,0,0,0,0,1,2,0,-1,-1,0|4|-0.88
0,0,1,0,0,0,0,0,1,2,0,-1,-1,0|3|-0.9122895
0,1,1,0,0,0,0,0,1,2,0,-1,-1,0|3|-0.5578005
1,1,1,1,1,0,0,0,2,0,0,-1,0,0|1|-14.56592
1,1,1,0,0,1,0,0,2,1,0,1,1,0|1|-4.101394
1,1,1,0,0,1,0,0,2,1,0,1,1,0|2|-5.8307
1,1,1,0,0,0,0,0,2,1,1,1,1,-1|2|-25.33945
0,1,1,0,0,0,0,0,1,0,0,1,0,0|3|59.93779
1,1,0,0,0,0,0,0,2,1,0,-1,1,0|4|-2.40521
0,0,0,0,0,0,0,1,2,1,0,-1,1,0|3|-0.110313
0,0,0,0,0,0,0,1,2,1,0,-1,1,0|4|-0.08055609
0,0,0,0,0,0,0,1,2,1,0,-1,1,0|2|0.207907
0,0,1,0,0,0,0,0,0,2,1,0,-1,1|2|0.07
0,0,0,0,0,0,0,0,1,0,2,-1,0,-1|4|-12.37986
0,0,0,0,0,0,1,1,1,0,2,-1,0,-1|2|0.1377838
0,0,0,0,0,0,0,0,0,1,1,0,-1,-1|1|0
0,0,0,0,0,1,0,0,0,1,0,0,-1,0|2|2.475674
0,0,0,0,0,0,0,1,1,0,1,1,0,-1|0|0.069467
1,1,0,0,0,0,0,0,1,0,1,1,0,-1|0|0.2257994
0,1,1,0,0,0,0,0,1,0,1,1,0,-1|2|0.6079796
0,0,1,0,0,0,0,1,0,1,0,0,1,0|0|0.01014472
1,1,1,0,0,0,0,0,2,0,1,1,0,1|1|-0.0547141
0,0,1,0,0,0,0,0,0,0,0,0,0,0|0|8.359965
1,1,1,0,0,0,0,0,2,0,0,-1,0,0|0|24.81043
1,1,0,0,0,0,0,0,2,0,0,-1,0,0|2|-40.08752
1,1,1,0,0,0,0,0,2,0,0,-1,0,0|4|22.18508
1,0,0,0,0,0,0,0,0,1,1,0,1,-1|4|-3.839998
1,0,0,0,0,0,0,0,0,1,1,0,1,-1|2|2.008417
1,1,1,0,0,1,0,0,2,0,0,1,0,0|2|-30.6659
1,1,1,0,0,1,0,0,2,0,0,-1,0,0|3|-0.4943711
0,0,1,0,0,0,0,0,0,0,0,0,0,0|4|5.337008
1,1,1,0,0,1,0,0,2,0,0,-1,0,0|0|5.020874
0,0,0,0,0,0,0,1,0,0,0,0,0,0|1|2.185266
0,0,1,0,0,0,0,1,0,0,0,0,0,0|1|3.956487
1,0,0,0,0,1,0,0,0,0,0,0,0,0|4|-11.75999
1,0,0,0,0,1,0,0,0,0,0,0,0,0|2|19.3738
0,1,0,0,0,1,0,0,2,1,1,-1,1,1|0|0
0,0,1,0,0,0,0,0,2,1,1,-1,1,1|2|0.5581106
0,0,0,0,0,1,0,0,2,2,1,1,-1,1|4|-0.08
0,0,1,0,0,1,0,0,2,2,1,1,-1,1|1|-3
1,1,0,0,0,0,0,0,2,0,0,-1,0,0|0|6.695926
1,1,0,0,0,0,0,0,2,0,0,-1,0,0|1|4.32025
1,0,0,1,0,0,0,0,1,2,0,1,-1,0|2|0.6158787
0,0,0,0,0,0,0,0,0,1,2,0,1,-1|4|-0.16
0,0,0,0,0,0,0,0,0,1,2,0,1,-1|2|3.540404
0,0,1,0,0,1,1,0,0,0,1,0,0,1|3|-12.17583
1,1,1,0,0,0,0,1,2,1,0,1,-1,0|3|-1.417513
1,1,1,0,0,0,0,0,2,0,0,-1,0,0|1|26.60869
1,1,1,1,0,0,0,0,2,2,0,-1,-1,0|0|-17.56258
0,0,0,1,0,0,0,0,0,2,0,0,-1,0|3|-0.9499803
0,0,0,0,0,0,0,0,0,2,0,0,-1,0|0|0.09112016
0,0,0,1,1,0,0,0,0,2,0,0,-1,0|2|3.817964
0,0,0,0,0,1,1,0,0,0,2,0,0,-1|2|25.54724
1,1,0,0,0,0,0,0,2,0,1,-1,0,1|2|-37.66953
0,0,0,1,1,0,0,0,0,0,1,0,0,-1|3|-0.0725518
1,1,1,0,0,0,0,0,0,0,0,0,0,0|2|-42.76929
0,0,0,1,1,0,0,0,0,0,0,0,0,0|2|2.193929
1,1,1,0,0,1,1,1,0,0,0,0,0,0|4|-2.065933
1,1,1,0,0,1,1,1,2,0,2,-1,0,-1|3|-6.492149
1,1,0,0,0,1,1,0,2,0,2,-1,0,-1|2|-2.586795
0,0,0,0,0,1,1,1,0,0,0,0,0,0|4|-2.667471
1,1,0,0,0,0,0,1,0,0,0,0,0,0|0|-0.000793
1,1,0,0,0,0,0,1,0,0,0,0,0,0|4|-0.08
1,1,1,0,0,0,0,1,0,0,0,0,0,0|4|-0.8662128
0,0,0,0,0,0,0,0,2,0,0,-1,0,0|4|-0.1864005
1,0,0,1,0,0,0,0,2,2,0,-1,-1,0|3|-1.282209
0,0,0,0,0,0,0,0,2,2,0,-1,-1,0|4|-0.6895438
0,0,0,0,0,0,0,0,2,2,0,-1,-1,0|3|-0.4361218
0,0,1,0,0,0,0,0,1,2,0,1,-1,0|4|-4.953982
0,0,0,0,0,0,0,0,1,2,0,1,-1,0|1|-29.53979
0,0,1,0,0,0,0,0,0,0,0,0,0,0|1|5.608562
1,0,0,0,0,0,0,0,0,0,0,0,0,0|3|4.96591
1,0,0,0,0,0,0,0,0,0,0,0,0,0|0|51.99174
1,0,0,0,0,0,0,0,0,0,0,0,0,0|2|10.3064
1,0,0,0,0,0,0,0,0,0,0,0,0,0|4|3.542036
1,0,0,0,0,0,0,0,2,0,0,1,0,0|4|-1.823691
0,0,0,0,0,0,0,0,2,0,0,1,0,0|2|-3.166617
0,0,0,1,0,1,0,0,0,2,2,0,1,1|2|0.745867
0,0,0,0,0,1,0,0,2,0,2,-1,0,1|2|0.2147713
0,0,0,0,0,0,0,0,1,2,0,-1,-1,0|4|-3.503199
0,0,0,0,0,1,0,0,1,2,0,-1,-1,0|0|0
0,0,0,0,0,1,1,0,1,2,0,-1,-1,0|3|-0.1757349
0,0,0,0,0,0,0,0,2,0,2,-1,0,1|2|0.623569
0,0,0,0,0,0,0,0,1,2,2,-1,-1,-1|3|-1.424884
0,0,0,0,0,0,0,0,1,2,2,-1,-1,-1|1|-3.000891
0,0,0,0,0,0,0,1,1,2,2,-1,-1,-1|1|-8.767445
0,0,0,0,0,0,0,0,1,1,1,1,1,1|2|4.433251
1,1,1,0,0,0,0,0,2,1,1,1,-1,1|0|0.02698202
1,1,1,0,0,0,0,0,2,1,1,1,-1,-1|1|0.2188871
1,1,1,0,0,0,0,0,2,1,1,1,-1,-1|3|8.311332
1,1,1,0,0,0,0,0,2,1,1,1,-1,-1|2|-19.69568
0,0,0,1,0,0,0,0,2,2,0,-1,-1,0|2|0.8277547
0,0,1,0,0,0,0,0,2,2,2,-1,-1,-1|1|-8.910299
1,1,1,0,0,0,0,0,1,0,0,-1,0,0|3|3.091566
1,1,0,1,0,0,0,0,2,2,0,1,-1,0|3|-0.16132
0,1,1,1,0,0,0,0,2,2,0,1,-1,0|4|-0.9250008
1,1,1,0,0,0,0,0,2,2,0,1,-1,0|3|-0.6166049
0,1,1,0,0,0,0,0,2,2,0,1,-1,0|1|-11.70832
0,0,0,1,0,0,0,0,1,2,0,1,-1,0|3|-1.796751
1,1,1,0,0,0,0,0,2,1,1,1,1,1|0|0.2263217
1,1,1,0,0,0,0,0,2,1,1,1,1,1|3|10.81896
1,1,1,0,0,0,0,0,2,1,1,1,1,1|1|0.1694579
0,0,1,0,0,0,0,0,2,1,1,1,1,1|3|2.073197
0,0,0,0,0,0,0,0,2,1,1,1,1,1|0|-6.134343
1,1,0,0,0,0,0,0,2,1,1,1,1,1|0|-8.379435
1,0,0,0,0,0,0,0,1,2,0,-1,-1,0|4|-1.902433
0,0,0,0,0,0,0,0,1,2,0,-1,-1,0|2|2.0232
0,0,0,0,0,0,0,0,0,1,2,0,-1,-1|2|2.502264
1,0,0,0,0,0,0,0,2,1,0,-1,1,0|1|-0.1325079
0,0,0,1,0,0,0,0,2,1,0,-1,1,0|3|-0.1822387
0,0,0,0,0,0,0,0,2,1,0,-1,1,0|0|-0.04779857
0,0,0,0,0,0,0,0,2,1,0,-1,1,0|2|2.58637
0,0,0,0,0,0,0,0,0,2,1,0,-1,1|0|0.002364587
0,0,0,1,0,0,0,0,0,2,1,0,-1,1|0|-47.11703
1,0,0,0,0,0,0,0,0,1,0,0,-1,0|4|-1.44
1,0,0,0,0,0,0,0,0,1,0,0,-1,0|2|8.991249
0,0,0,0,0,0,0,1,0,1,0,0,-1,0|0|1.176981
1,0,0,1,0,0,0,0,1,1,0,1,1,0|1|0.5670227
1,1,1,0,0,0,0,0,1,0,1,1,0,1|0|-0.002482995
0,0,1,0,0,0,0,0,1,0,1,1,0,1|3|-0.3951988
0,0,1,0,0,1,0,0,1,1,0,-1,1,0|0|0.02491486
0,0,0,0,0,0,0,1,0,0,1,0,0,-1|0|0.02818958
0,0,1,0,0,0,0,0,1,0,1,-1,0,-1|2|-2.663357
0,0,0,0,0,0,0,0,1,0,1,1,0,-1|0|-0.01050295
0,0,0,0,0,0,0,0,1,0,1,1,0,-1|2|1.326453
1,0,1,0,0,0,0,0,0,0,1,0,0,-1|2|18.92715
0,0,0,0,0,0,0,1,1,0,0,-1,0,0|4|-7.439995
0,0,0,0,0,0,0,1,1,0,0,-1,0,0|1|0.9489972
1,1,0,0,0,0,0,1,2,0,1,-1,0,-1|1|2.891159
1,1,1,1,0,0,0,0,2,2,0,1,-1,0|3|-0.376684
1,0,0,0,0,0,0,1,2,0,1,-1,0,-1|0|0.01479324
1,0,0,0,0,0,1,1,2,0,1,-1,0,-1|1|0.07914504
1,1,1,0,0,0,0,0,0,2,0,0,-1,0|1|-5.875243
1,1,1,0,0,0,0,1,2,1,0,-1,-1,0|4|-4.079998
1,1,1,0,0,0,0,1,2,1,0,-1,-1,0|0|-1.054463
1,1,0,0,0,0,0,1,2,1,0,-1,-1,0|3|-0.2445022
0,0,0,1,0,0,1,1,0,2,1,0,-1,-1|2|0.2836749
1,0,0,0,0,0,0,0,1,0,2,1,0,-1|2|-1.948789
0,0,1,0,0,1,0,0,1,0,1,-1,0,1|2|-2.93
0,0,0,0,0,1,1,0,1,0,2,1,0,-1|2|20.49296
0,0,0,0,0,0,0,0,2,0,1,1,0,1|4|-0.2415383
0,0,0,0,0,0,0,0,2,0,1,1,0,1|1|-0.0009437973
0,0,1,0,0,0,0,0,2,0,1,1,0,1|0|-0.09364289
0,0,1,0,0,0,0,0,2,0,1,1,0,1|4|-0.1593495
0,0,0,0,0,1,1,0,2,0,1,1,0,1|0|0.4543675
0,0,0,0,0,1,1,0,2,0,1,1,0,1|4|-0.08
0,0,0,0,0,1,1,1,2,0,1,1,0,1|1|0.6280844
0,0,0,0,0,0,1,1,2,0,1,1,0,1|3|-5.774297
0,0,0,0,0,0,0,0,1,0,0,-1,0,0|4|-0.06039269
0,0,0,0,0,0,0,0,0,1,0,0,-1,0|3|-0.04237379
1,1,0,0,0,0,1,1,2,0,1,-1,0,-1|2|-2.93
1,0,0,0,0,0,0,0,0,1,0,0,1,0|4|-0.07516333
0,0,0,0,0,0,0,0,2,0,1,-1,0,1|3|-0.4871999
1,0,0,1,0,0,0,0,0,1,0,0,1,0|3|-0.09179582
1,1,0,0,0,0,0,1,2,0,1,-1,0,1|0|-0.001080687
0,0,0,0,0,0,0,1,2,0,1,-1,0,1|3|-0.1074402
0,0,0,0,0,0,0,0,2,0,1,-1,0,1|2|0.8038819
1,0,0,1,0,1,0,0,2,2,2,-1,-1,-1|2|1.000486
0,0,0,1,0,0,0,0,1,2,2,1,-1,-1|3|-0.6358333
1,0,0,1,0,0,1,1,2,2,0,-1,-1,0|1|0
0,0,0,0,0,0,0,1,2,2,2,-1,-1,-1|0|0
1,0,0,1,0,0,0,1,2,2,0,-1,-1,0|1|0
0,0,0,0,0,0,0,1,2,2,2,-1,-1,-1|3|-0.09
1,0,0,1,0,0,0,1,2,2,0,-1,-1,0|3|-0.09
1,0,0,0,0,1,0,0,2,0,1,-1,0,1|2|0.2173059
0,0,0,0,0,0,0,1,2,2,0,-1,-1,0|0|-0.0008006654
0,0,0,0,0,1,0,0,2,0,1,-1,0,1|4|-0.316808
0,0,0,0,0,1,1,0,2,0,1,-1,0,1|1|-0.001592
0,1,1,0,0,1,0,0,2,0,1,-1,0,1|2|-5.8307
0,0,0,0,0,0,0,1,1,0,0,1,0,0|1|3.475633
0,0,0,0,0,0,0,0,1,1,1,1,-1,1|3|-1.095487
0,0,0,0,0,0,0,0,1,1,1,1,-1,1|0|-0.008351053
1,0,0,0,0,0,0,0,1,1,1,1,-1,1|4|-0.8656842
1,1,0,0,0,1,0,0,1,1,1,1,-1,1|2|-2.93
0,0,0,0,0,0,0,0,0,1,1,0,-1,1|4|-0.02032934
1,1,1,0,0,0,0,0,2,1,1,1,1,1|2|-33.28924
1,0,0,1,0,0,0,0,2,2,0,1,-1,0|2|0.6035691
0,0,1,1,0,0,0,0,2,2,2,1,1,-1|2|0.2758279
0,0,0,0,0,1,0,0,1,2,2,-1,1,1|3|-0.09
0,0,1,1,0,0,0,1,2,2,2,1,1,-1|4|-0.1585
0,0,1,0,0,1,0,0,1,2,2,-1,1,1|0|0
0,0,0,1,0,0,1,0,1,2,2,-1,1,1|2|0.07
0,0,0,0,0,0,0,0,1,1,2,-1,-1,1|2|1.954422
0,0,1,0,0,0,0,0,1,0,1,1,0,1|4|-0.1581385
0,0,0,0,0,0,0,0,2,0,1,1,0,-1|0|-0.04008556
0,0,0,0,0,1,1,1,2,0,1,1,0,-1|3|-6.207334
0,0,1,0,0,0,0,0,0,1,0,0,-1,0|2|0.1505582
1,1,1,0,0,0,0,0,2,1,1,-1,1,1|0|0.08372138
1,1,1,0,0,0,0,0,2,1,1,-1,1,1|4|-0.5450593
1,1,1,0,0,0,0,0,2,1,1,-1,1,1|3|0.1745878
0,0,0,0,0,0,0,0,1,1,0,1,1,0|1|1.364731
0,0,0,1,0,0,0,0,1,1,0,1,1,0|0|-8.910299
1,1,1,0,0,0,0,0,2,1,1,-1,-1,-1|2|-43.52288
1,1,1,1,0,0,0,0,2,2,1,1,-1,1|1|-0.4288108
1,1,1,0,0,0,0,0,2,2,1,1,-1,1|3|-5.414639
0,1,1,0,0,0,0,0,0,0,0,0,0,0|1|-0.05760066
1,1,1,1,1,0,0,0,0,0,0,0,0,0|1|0
0,1,1,1,0,0,0,0,2,2,1,1,-1,1|1|-0.1368153
0,1,1,1,0,1,0,0,0,2,0,0,-1,0|0|-3
0,0,1,0,0,1,0,0,0,1,1,0,1,-1|2|0.2724548
1,0,0,0,0,0,0,1,2,1,0,1,1,0|3|-0.08358857
0,0,0,0,0,0,0,1,2,1,0,1,1,0|3|-0.1721232
0,0,0,1,0,0,0,1,2,1,0,1,1,0|1|0
1,0,0,0,0,1,0,0,1,0,1,1,0,1|4|-0.08
1,0,0,0,0,1,0,0,1,0,1,1,0,1|1|0
1,1,1,0,0,1,0,0,1,0,1,1,0,1|4|-0.16
0,0,0,0,0,1,1,1,0,0,1,0,0,1|0|3.082213
0,0,1,0,0,0,1,1,1,0,1,1,0,1|1|0.2511131
0,0,0,0,0,0,0,0,2,1,0,1,1,0|4|-1.6
0,0,0,0,0,0,0,0,2,1,0,1,1,0|3|1.099664
1,0,0,0,0,0,0,0,2,1,0,1,1,0|2|1.138836
0,0,0,1,0,0,0,0,0,2,1,0,1,1|4|-9.845864
0,0,0,1,0,0,0,0,0,2,0,0,1,0|3|15.73485
1,0,0,0,0,1,0,0,2,1,0,1,1,0|3|-0.07991539
0,0,0,0,0,1,0,0,2,1,0,1,1,0|4|-0.16
0,0,0,0,0,1,0,0,2,1,0,1,1,0|2|0.048608
0,0,1,0,0,0,0,0,2,0,1,1,0,-1|3|-0.8947039
1,1,0,0,0,0,0,0,2,0,1,1,0,-1|4|-3.474336
0,0,0,0,0,0,0,0,0,1,1,0,-1,-1|0|0.03578548
0,0,1,0,0,0,0,1,2,0,1,1,0,-1|2|0.05828439
0,1,0,0,0,0,0,0,2,2,0,1,1,0|1|-5.97
0,0,1,0,0,0,0,0,2,0,1,1,0,-1|4|-1.263254
1,1,1,0,0,0,0,0,2,2,0,-1,1,0|0|-0.08920943
1,1,1,1,0,0,0,0,2,2,0,-1,1,0|3|1.556587
1,1,0,1,0,0,0,0,2,2,0,-1,1,0|3|0.288769
0,0,0,0,0,1,1,0,2,0,1,1,0,-1|4|-0.7680935
1,0,0,0,0,1,0,0,2,0,1,1,0,-1|4|-2.126339
1,0,0,0,0,0,0,0,2,0,1,1,0,-1|4|-0.5026764
0,0,0,0,0,0,0,0,2,0,1,1,0,-1|2|1.325311
0,0,0,0,0,0,0,0,2,2,0,-1,1,0|0|-0.1166359
0,0,1,0,0,0,0,0,2,2,0,-1,1,0|3|0.6670627
0,0,0,1,0,0,0,0,2,2,0,-1,1,0|1|-3.000066
1,0,0,1,0,0,0,0,2,2,0,-1,1,0|0|-41.98249
0,0,0,0,0,0,0,1,1,1,0,1,1,0|1|0.7043146
0,0,0,0,0,0,0,0,1,1,1,1,1,1|4|0.08831757
0,1,1,0,0,0,0,0,2,1,1,1,1,1|3|1.76967
0,1,0,0,0,0,0,0,2,1,1,1,1,1|4|-0.269579
0,1,0,0,0,1,0,0,2,1,1,1,1,1|2|-2.93
0,0,0,0,0,0,0,0,0,0,1,0,0,-1|4|24.5646
0,0,0,0,0,0,0,1,2,1,0,-1,-1,0|2|0.2616693
0,0,0,0,0,0,0,0,0,2,1,0,-1,-1|0|0.04331876
0,0,0,1,0,0,0,0,0,2,1,0,-1,-1|2|1.416736
0,0,0,0,0,0,0,0,2,0,2,-1,0,-1|1|-0.03058489
0,0,0,0,0,0,0,0,2,0,2,-1,0,-1|3|-0.09
0,0,0,0,0,1,0,0,2,0,2,-1,0,-1|0|-0.0003433518
0,0,0,0,0,1,1,0,2,0,2,-1,0,-1|0|-0.0003503232
1,0,0,0,0,1,1,0,2,0,2,-1,0,-1|4|-0.3968
0,0,0,0,0,1,1,1,2,0,2,-1,0,-1|0|0
0,0,0,0,0,0,0,1,2,0,2,-1,0,-1|0|-0.0003399182
0,0,1,0,0,0,1,1,2,0,2,-1,0,-1|2|0.1965484
0,0,0,0,0,0,0,1,0,1,2,0,-1,-1|3|-0.5564219
0,0,0,0,0,0,0,0,1,2,0,-1,-1,0|1|-3
0,0,0,0,0,0,0,1,1,1,0,-1,1,0|3|-0.3811494
0,0,0,0,0,0,0,1,1,1,0,-1,1,0|2|1.335872
0,0,0,0,0,0,0,1,2,0,1,-1,0,-1|4|-0.716
0,0,0,0,0,1,1,1,2,0,1,-1,0,-1|3|-15.14407
0,1,1,0,0,0,0,0,2,0,0,1,0,0|1|72.93756
1,0,0,0,0,0,0,0,2,2,0,-1,1,0|0|-0.4326584
0,1,0,1,0,0,0,0,2,2,0,-1,1,0|2|-2.732393
1,0,0,0,0,0,0,0,2,1,0,-1,1,0|2|1.374291
1,1,1,1,0,0,0,0,0,2,0,0,-1,0|1|-0.339243
0,1,1,0,0,0,0,0,0,0,0,0,0,0|0|1.495995
0,0,1,0,0,0,0,0,2,1,0,-1,1,0|4|-1.09876
0,0,0,0,0,0,0,0,2,1,0,-1,1,0|3|-0.03546867
0,0,1,0,0,0,0,0,2,1,0,-1,1,0|3|0.07378903
0,1,1,0,0,0,0,0,2,2,1,1,-1,1|2|-17.14632
0,0,0,0,0,0,0,0,0,2,0,0,1,0|1|-63.08423
1,0,0,1,0,0,0,0,1,2,0,-1,-1,0|0|-8.888288
1,1,0,1,1,0,0,0,2,0,0,-1,0,0|2|-5.108371
1,1,0,1,1,0,0,0,1,0,0,-1,0,0|1|-2.986128
0,0,0,0,0,0,0,1,1,1,2,1,-1,-1|0|-0.0293
0,0,0,0,0,1,1,1,1,1,2,1,-1,-1|0|0
0,0,0,0,0,1,1,0,1,1,2,1,-1,-1|3|-3.09
0,1,1,1,0,0,0,0,0,2,0,0,-1,0|1|-8.60696
0,0,0,0,0,0,0,0,2,0,2,1,0,-1|3|-2.137377
0,0,1,1,0,0,0,0,0,2,0,0,-1,0|2|1.153067
0,0,1,0,0,0,0,0,0,2,0,0,-1,0|1|-20.38338
0,1,1,0,0,0,0,0,0,2,0,0,-1,0|3|-0.06552055
1,0,0,0,0,0,0,0,2,0,0,-1,0,0|3|1.568329
1,1,0,0,0,0,0,0,2,1,2,1,1,-1|4|-6.702168
0,0,1,0,0,0,0,0,2,2,0,1,1,0|4|-2.798005
0,0,1,0,0,0,0,0,2,2,0,1,1,0|1|-8.910299
0,0,0,0,0,0,0,0,0,1,1,0,1,-1|0|-2.97931
0,0,0,0,0,0,0,0,0,1,1,0,1,-1|4|-3.039332
0,1,1,1,0,0,0,0,2,2,0,-1,-1,0|2|-17.14632
1,1,1,0,0,0,0,0,2,1,1,1,-1,1|4|-0.9120284
0,0,1,0,0,1,0,0,0,0,0,0,0,0|0|23.32024
1,0,1,0,0,0,0,0,0,1,1,0,-1,-1|4|-2
1,0,1,0,0,0,0,0,0,1,1,0,-1,-1|0|0.8207743
0,0,0,0,0,0,0,0,1,1,1,-1,-1,-1|4|0.4704182
0,0,1,0,0,0,0,0,1,1,1,-1,-1,-1|2|-1.648313
1,1,0,0,0,0,0,0,2,2,0,-1,1,0|1|-5.767303
1,1,1,0,0,0,0,1,2,1,0,-1,1,0|3|-1.196792
1,1,1,0,0,0,0,1,2,1,0,-1,1,0|1|0.4109821
1,1,1,0,0,0,0,0,2,1,1,-1,1,1|2|-25.33945
0,0,0,0,0,0,0,1,0,0,1,0,0,-1|2|22.9243
0,0,0,0,0,1,1,0,0,0,1,0,0,-1|1|4.427826
0,0,0,0,0,0,0,0,2,2,0,-1,-1,0|2|8.168374
1,1,1,0,0,0,0,0,2,0,1,1,0,-1|1|0.2096177
1,1,1,0,0,0,1,1,2,0,1,1,0,-1|1|7.005766
1,1,1,0,0,0,0,1,2,0,1,1,0,-1|2|-5.8307
0,1,0,1,0,0,0,0,2,2,0,1,-1,0|1|-0.03893094
0,0,0,0,0,0,0,0,2,2,0,1,-1,0|2|0.9533191
0,1,0,1,0,0,0,0,2,2,2,1,1,-1|3|-0.5972563
1,0,0,0,0,0,0,0,2,2,2,1,1,-1|4|-0.7999999
1,0,0,0,0,0,0,0,2,2,2,1,1,-1|0|-0.001752527
0,1,0,1,0,0,0,0,2,2,2,1,1,-1|2|-2.93
0,0,0,0,0,0,0,0,1,2,0,-1,1,0|1|-38.92458
0,1,1,0,0,0,0,0,2,0,0,1,0,0|0|0.03627748
0,0,0,0,0,0,0,0,2,2,0,1,1,0|1|-17.11192
0,1,1,0,0,0,0,0,2,0,0,1,0,0|3|7.018954
0,0,0,0,0,0,0,0,1,2,0,1,1,0|1|-34.03083
1,0,1,0,0,0,0,0,0,1,0,0,-1,0|4|-2.879999
1,0,1,0,0,0,0,0,0,1,0,0,-1,0|2|0.7154406
0,0,0,0,0,1,0,1,1,0,0,1,0,0|0|0.04479914
0,0,0,0,0,0,0,0,1,1,1,-1,-1,1|3|-1.678093
0,0,0,0,0,0,0,0,1,1,0,-1,1,0|1|0.03141937
0,0,0,0,0,0,0,0,1,1,1,-1,-1,1|1|-2.954617
0,0,1,0,0,0,0,0,1,1,1,-1,-1,1|2|-2.481465
1,1,1,0,0,0,0,0,2,1,1,-1,1,1|1|0.2146297
1,1,1,1,0,0,0,0,2,1,1,-1,1,1|1|0.02123256
1,1,0,0,0,0,0,0,2,1,1,-1,1,1|4|-1.103264
1,0,0,0,0,0,0,0,2,1,1,-1,1,1|2|1.31843
0,0,0,1,0,0,0,0,1,2,2,1,1,-1|0|-8.910299
1,1,1,0,0,0,0,0,2,1,1,1,-1,-1|0|0.2683294
0,0,0,0,0,0,0,1,2,0,0,-1,0,0|2|0.3049831
1,0,0,0,0,0,0,1,2,0,0,-1,0,0|3|8.228184
0,0,0,0,0,1,0,0,0,0,1,0,0,-1|0|-0.009191003
1,0,0,0,0,1,1,0,0,0,1,0,0,-1|0|0.1147433
1,0,0,0,0,0,0,0,0,0,1,0,0,-1|1|0.7449743
0,0,1,0,0,0,0,1,2,0,0,-1,0,0|4|-0.5552
0,1,1,0,0,0,0,1,2,0,0,-1,0,0|3|3.308662
0,0,1,0,0,0,0,1,1,2,0,-1,1,0|3|-0.165172
0,0,1,0,0,0,0,1,2,2,0,1,1,0|0|-0.396509
0,0,1,1,0,0,0,0,1,2,0,-1,1,0|0|-14.70299
0,0,0,0,0,0,0,0,1,1,1,-1,-1,1|4|-0.004077986
0,0,0,0,0,0,0,0,1,1,1,-1,-1,1|2|35.90213
1,1,1,0,0,0,0,0,2,0,1,-1,0,-1|4|-1.392533
1,1,0,0,0,0,0,0,2,0,1,-1,0,-1|4|-0.07999969
0,0,0,0,0,0,0,1,2,0,1,-1,0,-1|1|1.009016
1,1,0,1,1,1,1,1,2,0,2,-1,0,-1|0|0
1,1,1,1,1,1,1,1,2,0,2,-1,0,-1|0|0
1,1,1,1,1,1,1,1,0,0,0,0,0,0|4|-0.3946155
0,0,0,1,1,1,1,1,1,0,2,-1,0,-1|4|-0.1889048
0,0,0,1,1,1,1,1,0,0,0,0,0,0|1|-3.029291
1,0,0,0,0,0,0,0,0,1,1,0,-1,-1|4|-0.7199999
1,0,0,0,0,0,0,0,0,1,1,0,-1,-1|3|-0.7328013
1,0,0,0,0,0,0,0,0,1,1,0,-1,-1|2|2.410925
0,0,0,0,0,1,0,0,0,0,1,0,0,-1|4|0.4645775
0,0,0,0,0,1,0,0,0,0,1,0,0,-1|2|0.5565884
1,0,0,0,0,1,0,0,2,0,0,-1,0,0|0|3.231011
1,1,0,0,0,0,0,1,2,0,0,-1,0,0|2|-38.33865
0,0,1,1,0,0,0,0,2,2,0,-1,-1,0|3|-0.376934
1,1,1,1,1,0,0,0,2,2,0,-1,-1,0|0|-0.2316228
1,1,0,0,0,0,0,0,2,2,0,-1,-1,0|0|0.02257578
1,1,0,0,0,0,0,0,2,2,0,-1,-1,0|4|-0.08
1,1,0,1,1,0,0,0,2,2,0,-1,-1,0|4|-0.7487314
1,0,1,0,0,0,0,0,0,0,1,0,0,1|0|2.060818
0,0,0,0,0,0,0,0,0,0,1,0,0,1|3|-0.4801919
0,0,1,0,0,0,0,0,0,0,1,0,0,1|2|72.69779
0,0,1,0,0,1,0,0,0,0,1,0,0,1|4|-1.045465
0,0,0,1,0,0,0,0,2,2,0,1,-1,0|2|1.374504
0,0,0,1,0,0,0,0,2,2,2,1,1,-1|2|0.2749459
0,0,0,0,0,0,0,0,1,2,2,-1,1,1|0|-3.012905
0,0,0,1,0,0,0,0,1,2,2,-1,1,1|4|-8.165775
0,0,1,1,0,0,0,0,1,2,2,-1,1,1|1|0.007553978
0,0,1,0,0,0,0,0,2,2,2,1,1,1|3|-0.493768
0,0,0,1,0,0,0,1,2,2,2,1,1,-1|4|-0.0793
0,0,0,1,0,0,1,0,2,2,2,1,1,-1|2|0.068209
1,0,0,0,0,0,0,0,1,2,2,-1,1,1|0|0
1,0,0,1,0,0,0,0,2,2,2,1,1,1|0|-8.910299
0,0,1,0,0,0,0,0,2,2,0,-1,-1,0|3|-1.071964
0,1,1,0,0,0,0,0,2,2,0,-1,-1,0|3|-0.05733658
0,1,0,0,0,0,0,0,2,2,0,-1,-1,0|3|-0.3540648
0,1,0,0,0,1,0,0,2,2,0,-1,-1,0|1|0.00110293
0,0,0,1,0,0,0,0,2,2,2,-1,-1,-1|4|-0.3968
0,0,1,1,0,0,0,0,2,2,2,-1,-1,-1|0|-3
0,0,1,0,0,0,0,0,2,1,1,1,-1,-1|1|-0.02509193
0,0,1,0,0,0,0,0,2,1,1,1,-1,-1|3|-0.01968674
0,0,1,0,0,0,0,0,1,1,0,-1,-1,0|1|-5.97
1,1,1,0,0,0,0,1,2,1,0,1,-1,0|0|-0.9551601
0,0,0,0,0,0,0,0,0,2,0,0,-1,0|1|-2.971096
1,1,0,1,0,0,0,0,2,2,0,-1,-1,0|3|-0.3045664
0,0,0,0,0,0,0,0,0,1,0,0,-1,0|1|0.001997763
0,0,0,0,0,1,0,0,1,0,0,-1,0,0|1|0
0,0,0,0,0,1,0,0,1,0,0,-1,0,0|0|0.6210759
0,0,0,0,0,0,0,0,1,1,1,-1,1,-1|4|-3.050202
0,0,0,0,0,0,0,0,1,1,1,-1,1,-1|0|-3.010561
0,1,1,0,0,0,0,0,2,1,1,1,-1,-1|2|-5.738412
1,1,1,0,0,1,0,0,2,1,0,-1,1,0|4|-1.12
1,1,1,0,0,1,0,0,2,1,0,-1,1,0|3|-1.052889
1,1,1,0,0,1,0,0,2,1,0,-1,1,0|1|0.005326171
0,0,0,0,0,0,0,1,0,0,0,0,0,0|0|2.15635
0,0,0,0,0,1,0,0,0,0,0,0,0,0|0|14.65491
0,1,1,0,0,0,0,0,1,2,0,1,1,0|3|0.1185051
1,1,1,0,0,0,0,0,2,1,1,-1,-1,1|1|-3.083048
1,1,1,0,0,0,0,0,2,1,1,-1,-1,1|0|-1.247271
1,1,0,0,0,1,0,0,2,0,0,-1,0,0|3|7.503541
0,0,0,1,0,0,0,1,1,2,0,-1,-1,0|2|0.07144379
0,1,0,0,0,0,0,0,2,0,1,-1,0,-1|3|-0.0007078331
0,0,0,0,0,1,0,0,0,1,2,0,-1,-1|2|0.2090394
0,0,1,0,0,0,0,0,2,0,1,-1,0,-1|2|0.8938065
1,0,0,0,0,0,0,0,0,2,0,0,-1,0|4|-0.08
1,1,0,0,0,0,0,0,0,2,0,0,-1,0|4|-0.154254
1,1,0,0,0,1,1,0,2,0,1,-1,0,-1|1|0
1,0,0,0,0,1,0,0,2,0,1,-1,0,-1|3|-0.2636568
0,0,0,1,0,0,0,0,0,1,2,0,-1,-1|1|0.001384094
1,0,0,1,0,0,0,0,0,2,0,0,-1,0|0|-8.917478
0,0,0,1,0,0,0,0,0,2,0,0,-1,0|4|-1.73166
0,0,0,1,1,0,0,0,1,0,0,1,0,0|1|-5.66959
0,1,1,0,0,0,0,0,2,2,0,1,1,0|0|-0.2210648
0,0,1,1,0,0,0,0,2,2,0,1,1,0|4|-2.646071
0,0,1,1,0,0,0,0,0,2,0,0,1,0|0|-8.910299
0,0,0,1,0,0,0,0,1,2,1,1,-1,-1|2|0.8814017
0,1,1,0,0,0,1,1,0,0,0,0,0,0|3|-6.491465
0,0,0,1,0,0,1,1,1,2,1,1,-1,-1|2|0.2723464
0,0,0,0,1,0,1,1,0,0,0,0,0,0|0|0.004771756
0,0,0,0,0,1,0,0,2,1,2,-1,1,-1|4|-0.6375598
0,0,0,0,0,0,0,0,2,1,2,-1,1,-1|4|-0.48
0,0,0,0,0,0,0,0,2,1,2,-1,1,-1|2|1.127431
1,0,0,0,0,0,0,0,2,2,1,-1,-1,1|0|-0.08512331
1,1,0,1,0,0,0,0,2,2,1,-1,-1,1|1|-0.004576684
1,1,0,1,0,1,0,0,2,2,1,-1,-1,1|0|-8.910299
0,1,1,0,0,0,0,0,2,0,0,1,0,0|4|1.937366
0,0,0,0,0,0,0,0,1,1,0,1,-1,0|3|-0.04205893
0,0,0,0,0,0,0,0,0,1,1,0,1,-1|1|-0.02982813
0,0,1,0,0,0,1,1,0,1,1,0,1,-1|0|0
0,0,0,0,0,0,0,1,0,1,1,0,1,-1|1|0.03389821
1,1,0,0,0,1,0,0,2,1,1,-1,1,1|2|-2.93
0,0,0,0,0,0,0,1,1,0,0,1,0,0|4|-0.07914471
0,0,0,0,0,1,0,0,1,1,0,1,1,0|3|-0.8394551
0,0,0,0,0,1,0,0,1,1,0,1,1,0|4|-0.884778
0,0,0,0,0,0,0,0,1,0,1,1,0,1|0|0.01079115
0,0,0,0,0,1,0,0,1,1,0,1,1,0|0|0.7401145
1,0,0,0,0,0,0,0,0,0,1,0,0,1|4|-0.858564
1,0,0,0,0,0,0,0,0,0,1,0,0,1|3|-0.8742279
1,0,0,0,0,0,0,0,0,0,1,0,0,1|2|20.20051
1,0,0,0,0,1,0,0,0,1,0,0,-1,0|4|-5.772799
0,0,0,0,0,0,0,1,0,1,0,0,1,0|0|-2.889708
1,1,1,0,0,0,0,0,2,0,1,1,0,1|3|-0.5480034
0,0,0,0,0,0,0,1,0,2,0,0,-1,0|1|-17.43796
0,0,0,0,0,0,0,1,0,2,2,0,-1,-1|4|-3.018862
0,0,0,0,0,0,1,1,0,2,0,0,-1,0|3|-0.1274408
0,0,0,1,0,0,0,1,0,2,2,0,1,-1|1|-0.00553616
0,0,0,0,0,0,1,0,0,2,2,0,1,-1|4|-0.6312791
0,0,0,0,0,0,0,0,0,2,2,0,1,-1|2|1.24766
1,0,0,0,0,0,0,1,2,0,2,-1,0,1|4|-0.08
0,0,0,0,0,0,0,1,2,0,2,-1,0,1|2|0.06582235
0,0,0,0,0,0,0,1,1,2,0,1,-1,0|3|-0.177091
0,0,1,0,0,1,0,0,2,0,2,-1,0,1|1|0
0,1,1,0,0,0,0,0,2,0,2,-1,0,1|3|-0.09
0,0,1,0,0,0,1,1,2,2,2,1,1,-1|3|-9.177608
0,1,1,0,0,0,0,0,0,2,0,0,1,0|1|-2.970316
1,1,1,0,0,1,1,0,2,0,1,-1,0,1|2|-11.53786
0,0,0,0,0,0,0,1,1,2,0,1,1,0|1|-8.47888
0,0,0,0,0,0,0,0,0,1,1,0,1,-1|2|8.21204
0,0,1,0,0,1,1,0,1,0,2,-1,0,-1|2|-1.687998
1,1,1,0,0,0,0,1,2,0,1,-1,0,-1|0|-0.1674353
1,1,1,0,0,1,1,1,2,0,1,-1,0,-1|3|-12.20071
0,0,0,0,0,1,0,0,1,0,0,1,0,0|1|3.174075
0,0,0,0,0,0,0,0,1,1,1,-1,1,-1|2|3.182184
0,0,0,0,0,0,0,0,1,1,1,1,-1,1|1|-2.887252
0,0,0,0,0,0,0,0,1,1,1,1,-1,1|4|-0.08000085
0,0,1,0,0,0,0,0,0,2,0,0,1,0|1|-11.81768
1,0,1,0,0,0,0,0,0,1,1,0,1,-1|1|0.521245
1,0,0,1,0,0,0,0,1,1,1,1,1,-1|1|1.020722
1,0,0,0,0,0,0,1,0,1,1,0,1,-1|1|0.005171677
0,1,0,0,0,1,0,0,2,0,0,-1,0,0|0|0.003996775
0,0,1,0,0,1,0,1,2,0,0,-1,0,0|3|0.2339283
0,1,1,0,0,1,0,1,2,0,0,-1,0,0|0|0.004649341
1,0,0,0,0,0,0,0,2,0,0,-1,0,0|2|0.5123515
0,0,0,0,0,0,0,0,2,0,0,-1,0,0|3|0.8128308
0,0,0,1,1,0,0,0,0,2,0,0,-1,0|1|-0.01980022
1,1,0,0,0,1,1,1,2,0,2,-1,0,-1|4|-1.17088
1,1,1,1,1,0,0,0,2,0,0,1,0,0|0|0
0,0,1,1,1,0,0,0,2,0,0,1,0,0|0|0
0,0,1,1,1,0,0,0,0,0,0,0,0,0|0|-0.0256339
0,0,0,0,0,0,0,1,0,0,1,0,0,-1|4|-0.1559114
0,0,1,0,0,1,0,0,0,1,1,0,-1,-1|2|0.6271262
1,1,1,1,0,0,0,0,2,2,1,1,-1,1|0|-3
0,0,0,0,0,0,0,0,1,0,1,1,0,1|1|-0.01607837
1,0,0,0,0,0,0,0,1,2,0,1,1,0|3|0.6124872
1,1,0,0,0,0,0,0,1,2,0,1,1,0|2|-2.93
0,0,0,0,0,0,0,1,0,1,0,0,1,0|3|-0.8092252
0,0,1,0,0,0,0,0,1,0,1,-1,0,1|1|0.1514277
1,1,0,0,0,1,0,0,1,0,1,-1,0,1|2|0.1575333
0,1,1,1,0,0,0,0,2,1,0,-1,-1,0|2|-2.93
1,1,0,0,0,1,1,0,2,0,2,-1,0,-1|0|-0.03197465
1,1,0,0,0,1,1,0,2,0,2,1,0,-1|0|-0.003205106
1,1,0,0,0,1,1,0,2,0,2,1,0,-1|2|-2.96
1,1,1,0,0,0,0,0,2,1,1,1,1,1|4|-0.3050681
1,1,1,1,0,0,0,0,2,1,1,1,1,1|3|-0.09
1,0,0,0,0,0,0,0,1,1,1,1,1,-1|4|-0.3176
1,1,1,0,0,0,0,0,1,1,1,1,1,-1|3|-0.1447155
0,0,0,0,0,0,1,1,0,2,2,0,1,-1|1|0
0,0,0,0,0,1,0,0,0,2,2,0,1,-1|4|-1.223597
0,0,0,0,0,0,0,0,0,0,2,0,0,1|0|0
0,0,0,0,0,1,0,0,0,0,2,0,0,1|2|17.91186
0,1,1,0,0,0,0,0,1,0,0,-1,0,0|3|1.415319
1,0,0,0,0,0,0,1,0,0,1,0,0,-1|1|1.789186
0,1,1,0,0,0,0,0,2,0,1,-1,0,-1|2|-8.702393
0,0,0,0,0,1,1,0,2,0,2,1,0,-1|3|-8.541946
1,1,0,0,0,1,1,1,0,0,0,0,0,0|1|-0.1936515
0,0,0,0,0,1,1,1,2,0,2,1,0,-1|3|-3.875701
0,0,0,1,1,0,0,0,0,0,0,0,0,0|1|-5.958366
0,0,0,0,0,0,0,0,2,0,0,-1,0,0|0|0.1509703
0,1,0,1,0,0,0,0,2,2,0,-1,-1,0|0|-8.910299
1,0,0,0,0,0,0,0,0,1,1,0,-1,1|2|1.718922
0,0,0,0,0,1,0,0,1,1,0,1,-1,0|3|-2.275411
0,0,0,0,0,1,0,0,1,1,0,1,-1,0|4|-0.742754
0,0,0,0,0,1,0,0,1,1,0,1,-1,0|2|1.485535
0,0,1,0,0,0,0,0,2,1,2,1,-1,-1|0|0
0,0,0,0,0,0,0,0,2,1,2,1,-1,-1|3|-0.3391984
1,1,1,0,0,1,1,0,2,0,2,1,0,-1|4|-1.15676
0,0,1,0,0,1,1,0,2,0,2,1,0,-1|0|-3.004489
1,0,0,1,0,0,0,0,2,2,1,-1,-1,-1|3|-2.237494
0,1,1,0,0,0,0,0,2,1,0,-1,-1,0|2|-11.54537
0,1,1,1,0,1,0,0,2,2,0,1,-1,0|4|-0.1592
0,0,1,1,0,1,0,0,2,2,0,1,-1,0|4|-0.8085081
0,0,0,1,0,1,0,0,2,2,0,1,-1,0|4|-1.645338
0,0,0,1,0,1,1,0,2,2,0,1,-1,0|4|-0.6390876
0,0,0,1,0,1,0,0,2,2,2,1,-1,-1|0|-8.910299
1,0,0,0,0,0,0,0,2,0,1,-1,0,1|3|-1.300624
1,0,0,0,0,0,0,0,1,2,0,1,-1,0|2|-2.697667
0,0,0,0,0,0,0,0,1,1,2,1,1,-1|1|-2.859857
1,0,0,0,0,0,0,0,2,0,0,-1,0,0|1|0.2627248
1,1,1,1,0,0,0,0,2,1,2,-1,1,-1|0|-3
0,0,0,0,0,0,0,1,1,1,0,-1,-1,0|4|-0.07225793
0,0,0,0,0,0,0,1,1,1,0,-1,-1,0|0|0.0706783
0,0,1,0,0,0,0,0,2,2,0,1,1,0|2|3.64846
1,1,1,0,0,1,0,0,2,2,0,1,-1,0|3|-0.3181267
0,0,1,0,0,0,0,0,0,1,0,0,1,0|3|-0.1239659
0,0,0,0,0,1,1,1,0,0,1,0,0,1|2|0.1931102
0,0,0,0,0,0,1,1,0,0,1,0,0,1|1|2.127661
0,0,1,1,0,0,0,0,2,2,0,1,-1,0|2|0.8755602
1,0,0,0,0,1,0,0,2,2,2,-1,1,-1|2|0.07
0,0,0,1,0,0,0,0,2,2,2,-1,-1,1|2|0.1393
1,0,0,1,0,0,0,0,2,2,2,-1,-1,-1|0|-5.97
0,0,0,0,0,0,0,0,1,1,1,1,1,1|1|0.08068291
1,0,0,0,0,0,0,0,0,1,1,0,1,1|2|1.259147
1,0,0,1,0,1,0,0,2,2,0,-1,-1,0|0|-17.55596
0,0,0,1,0,0,0,0,2,2,1,-1,-1,1|1|0.02577564
0,0,0,0,0,0,0,0,2,2,2,-1,-1,-1|2|1.089894
1,0,0,0,0,0,0,0,0,2,2,0,-1,-1|3|-0.2908245
0,0,0,1,0,1,0,0,2,2,2,-1,-1,-1|0|-5.97
1,1,1,0,0,1,1,0,2,1,1,-1,-1,1|2|-28.01606
1,1,1,0,0,0,1,1,0,0,0,0,0,0|4|-1.801208
0,0,0,0,0,1,0,0,1,2,2,1,-1,-1|3|-0.08996595
0,0,0,0,0,0,0,0,2,2,1,-1,-1,1|4|-0.8799999
0,0,0,0,0,0,0,0,2,2,1,-1,-1,1|2|0.3805357
0,0,0,1,0,0,0,1,1,2,2,1,-1,-1|4|-2.839335
1,0,0,1,0,0,0,1,1,2,2,1,-1,-1|1|0
0,0,0,0,0,0,1,1,1,2,2,1,-1,-1|2|0.1322341
0,0,0,0,0,0,0,1,1,1,2,1,1,-1|4|-1.856453
0,0,0,0,0,0,1,1,1,1,2,1,1,-1|2|0.7539418
1,1,1,0,0,1,0,0,2,1,1,1,1,1|2|-8.702393
0,0,0,0,0,1,1,0,0,0,1,0,0,1|2|23.19284
0,0,0,0,0,0,0,1,0,0,1,0,0,1|2|27.85658
1,1,0,0,0,0,0,0,2,0,0,1,0,0|2|-43.63278
0,1,0,0,0,1,0,0,2,0,1,1,0,1|3|-6.261658
1,1,1,0,0,0,0,0,2,1,0,1,-1,0|3|-0.8254716
1,1,1,0,0,0,0,0,2,1,0,1,-1,0|1|-2.629676
1,1,1,0,0,0,0,1,2,1,0,1,-1,0|4|-0.4062568
1,1,1,0,0,0,0,1,2,1,0,1,-1,0|1|0.5615055
1,1,1,0,0,1,0,0,2,1,0,1,-1,0|2|-25.33945
1,1,1,0,0,0,0,0,2,1,1,-1,-1,-1|1|-2.872733
1,1,1,0,0,0,0,0,2,1,1,-1,-1,-1|0|-2.762646
1,1,1,0,0,0,0,0,2,1,1,-1,-1,-1|3|4.125055
1,1,1,0,0,0,0,1,2,1,1,-1,-1,-1|3|-6.167156
0,1,1,0,0,0,0,0,2,0,1,1,0,1|3|-0.4243636
0,0,0,0,0,1,0,0,2,0,1,1,0,1|4|-1.238328
1,0,0,0,0,1,1,0,2,0,1,1,0,1|0|0.6335698
1,0,0,0,0,0,0,0,2,0,1,1,0,1|3|-0.5061464
0,0,0,0,0,0,0,0,0,1,0,0,1,0|1|0.1954644
1,1,0,0,0,0,0,0,2,0,1,1,0,1|1|-0.01838818
1,0,0,0,0,0,0,0,2,0,1,1,0,1|0|-0.27145
0,1,0,0,0,0,0,0,2,0,1,1,0,1|4|-2.376942
0,1,1,0,0,1,0,0,2,0,1,1,0,1|0|0
0,0,1,0,0,1,1,0,2,0,1,1,0,1|3|-12.17583
0,0,0,0,0,1,0,0,0,2,0,0,-1,0|2|0.3419826
0,0,0,0,0,0,0,1,1,0,2,1,0,-1|4|-1.596037
0,0,0,0,0,0,1,1,1,0,2,1,0,-1|1|0.08936204
0,1,1,0,0,0,0,0,2,1,0,1,1,0|0|0.003461769
1,0,0,1,0,0,0,0,2,2,1,1,1,1|1|-0.03
1,0,0,0,0,0,0,0,0,2,1,0,1,1|3|-0.180145
1,0,0,1,0,0,0,0,0,2,1,0,1,1|2|0.0727002
1,1,1,0,0,0,0,0,2,1,0,1,-1,0|4|-1.817623
1,1,1,0,0,0,0,0,2,1,0,1,-1,0|0|-0.9099974
0,1,1,0,0,0,0,0,2,1,0,1,-1,0|2|-8.702393
1,1,0,0,0,0,0,0,2,1,1,-1,1,1|3|-3.229558
0,0,0,0,0,0,0,0,2,1,1,-1,1,1|4|-0.16
0,0,0,0,0,0,0,0,2,1,1,-1,1,1|2|1.663242
0,0,0,1,0,0,0,0,0,2,2,0,-1,-1|0|-8.910299
0,0,0,0,0,1,1,0,1,1,1,1,-1,1|3|-3.09
0,0,0,0,0,0,0,0,1,1,1,1,-1,1|2|6.125277
0,0,1,0,0,0,0,1,1,1,0,-1,-1,0|3|-0.3053157
0,0,1,0,0,0,0,0,0,1,1,0,1,-1|4|-0.1499308
0,0,1,0,0,0,0,0,2,0,1,1,0,1|3|-0.1165126
0,0,0,0,0,0,0,0,2,0,1,1,0,1|3|-0.0389358
1,0,0,0,0,1,0,0,2,0,1,1,0,1|3|-0.08759182
1,0,0,0,0,1,0,0,2,0,1,1,0,1|1|-0.002829216
0,0,0,0,0,0,0,0,2,0,1,1,0,1|2|-0.1088006
0,0,0,0,0,0,1,1,2,2,0,-1,1,0|2|0.07
0,0,0,1,0,0,0,1,2,2,2,-1,-1,1|2|0.07
0,0,0,1,0,1,0,0,0,2,2,0,-1,-1|4|-0.871232
1,0,0,1,0,1,0,0,0,2,2,0,-1,-1|4|-0.6344
1,1,0,1,0,1,0,0,0,2,2,0,-1,-1|2|0.059696
0,0,0,0,0,0,0,1,1,0,2,-1,0,-1|4|-2.496562
0,0,0,0,0,1,1,1,1,0,2,-1,0,-1|3|-3.09
1,1,1,0,0,0,0,0,2,1,1,-1,-1,-1|4|-2.354342
1,1,1,0,0,0,0,1,2,1,0,-1,-1,0|1|0.1801563
1,1,1,0,0,1,0,0,2,1,0,-1,-1,0|1|-0.02882522
1,1,1,0,0,1,0,0,2,1,0,-1,-1,0|4|-0.2376081
1,1,1,0,0,1,0,0,2,1,0,-1,-1,0|0|0.2169054
1,1,0,0,0,0,0,0,2,1,1,-1,-1,-1|1|-0.007372726
1,0,0,0,0,1,0,0,2,1,0,-1,-1,0|2|0.4792059
1,0,1,1,0,0,0,0,0,2,0,0,-1,0|3|-0.09
0,0,0,0,0,1,0,0,2,1,0,-1,-1,0|3|-0.5259318
1,1,0,1,0,0,0,0,1,2,0,1,-1,0|1|0.0007
0,0,0,0,0,0,0,0,1,1,2,-1,1,-1|3|-0.5968072
1,1,0,0,0,0,0,0,1,2,0,1,-1,0|0|0.04830232
0,0,0,0,0,0,1,1,0,0,0,0,0,0|3|-0.4216931
0,0,0,0,0,1,0,0,1,0,2,-1,0,-1|0|-0.01182116
0,0,0,0,0,1,1,0,1,0,2,-1,0,-1|0|-0.2277682
0,0,0,0,0,1,1,1,1,0,2,-1,0,-1|0|-0.0309
0,0,0,0,0,1,1,1,1,0,2,-1,0,-1|2|1.97529
0,0,1,0,0,0,0,0,0,1,0,0,-1,0|3|-0.1166769
0,0,1,0,0,0,0,0,0,1,0,0,-1,0|4|-0.07051222
0,0,1,0,0,0,0,0,0,1,0,0,-1,0|1|0.2740729
1,1,1,0,0,0,1,1,2,0,1,-1,0,-1|2|-5.831
0,0,0,0,0,1,0,0,0,1,0,0,1,0|1|0.05783105
0,0,0,0,0,0,0,0,2,1,1,1,-1,-1|3|-0.170395
1,0,1,0,0,0,0,1,0,1,1,0,1,-1|4|-0.70964
1,0,1,0,0,0,1,1,0,1,1,0,1,-1|4|-0.08
1,0,1,0,0,0,0,0,0,1,1,0,1,1|0|0.2677895
1,0,0,0,0,0,0,0,2,1,1,1,1,1|0|-0.1274753
0,0,0,0,0,1,0,0,0,0,2,0,0,-1|0|0.879631
0,0,0,0,0,0,0,1,0,0,2,0,0,-1|2|15.0834
0,0,0,0,0,0,1,1,0,0,2,0,0,-1|0|0.4250122
0,0,0,0,0,0,0,0,0,0,2,0,0,-1|4|-0.32
0,0,0,0,0,0,0,0,0,0,2,0,0,-1|2|16.89073
1,1,0,0,0,0,0,0,2,2,0,1,1,0|3|-0.4175331
1,0,0,0,0,0,0,0,0,2,2,0,1,1|4|-0.789004
0,0,1,0,0,0,0,0,2,1,0,1,-1,0|0|0.5937958
0,0,0,0,0,0,0,0,2,1,0,1,-1,0|1|-2.969843
1,0,0,0,0,0,0,0,2,1,0,1,-1,0|2|0.8967699
0,0,0,1,0,0,0,0,1,2,1,-1,1,-1|0|-5.97
0,0,0,0,0,1,0,0,1,2,2,1,1,-1|1|-5.911194
1,0,1,0,0,0,0,0,0,1,0,0,1,0|0|0.2040256
0,1,1,0,0,1,0,0,2,1,1,1,1,1|2|-5.8307
0,1,1,0,0,0,0,0,2,0,2,-1,0,-1|3|-0.4423328
1,0,0,0,0,0,0,0,0,0,1,0,0,1|0|0.3204785
1,0,0,1,0,1,0,0,2,2,2,-1,-1,-1|0|-3
0,0,0,0,0,0,0,0,2,1,1,1,-1,-1|2|1.02622
0,0,0,0,0,0,0,0,1,2,1,-1,1,-1|2|1.291652
1,1,1,0,0,0,0,1,2,1,2,-1,-1,1|0|-0.005552
1,1,1,0,0,0,0,0,2,1,2,-1,-1,1|1|-0.001909518
1,1,1,0,0,1,0,0,2,1,2,-1,-1,1|4|-1.104848
1,1,1,0,0,1,1,0,2,1,2,-1,-1,1|2|-2.93
0,0,0,1,0,0,0,0,1,2,1,-1,-1,1|1|0.009995751
0,0,0,0,0,0,0,0,1,2,1,-1,-1,1|2|0.8698917
1,0,0,0,0,0,0,0,2,1,2,-1,-1,-1|0|-0.08527739
1,1,0,0,0,1,0,0,2,1,2,-1,-1,-1|4|-0.1592
1,1,0,0,0,0,0,0,2,1,2,-1,-1,-1|1|-2.771896
0,0,0,0,0,0,0,0,2,1,2,-1,-1,-1|1|-0.006344
0,0,0,0,0,0,0,0,2,1,2,-1,-1,-1|0|-0.0008
1,0,0,0,0,0,0,1,2,1,2,-1,-1,-1|0|-0.08694293
0,0,1,0,0,0,0,1,0,1,1,0,-1,-1|2|0.9071805
0,0,1,1,0,0,0,0,0,1,1,0,-1,-1|3|0.1426912
0,0,0,0,0,1,0,0,1,1,1,-1,-1,-1|0|0.1572862
1,0,0,0,0,1,1,0,1,1,1,-1,-1,-1|0|0.07763015
1,1,0,0,0,0,0,0,1,1,1,-1,-1,-1|4|-0.08
1,0,0,0,0,0,0,0,1,1,1,-1,-1,-1|0|0.08189526
1,1,0,0,0,0,0,0,1,1,1,-1,-1,-1|1|0
0,0,0,0,0,1,1,0,1,1,1,-1,-1,-1|1|0.07953546
0,0,1,0,0,0,0,0,1,1,0,1,1,0|0|1.584365
0,0,0,0,0,1,1,0,2,1,1,1,1,1|0|-0.003741613
0,0,0,0,0,1,1,1,2,1,1,1,1,1|3|0.1736493
0,0,0,0,0,0,0,1,2,1,1,1,1,1|2|0.1393
0,0,0,0,0,0,0,0,0,2,1,0,1,1|3|-0.2755408
0,0,1,0,0,0,0,1,2,1,1,1,1,1|0|-0.002005679
1,1,0,0,0,0,0,0,1,1,0,1,1,0|2|-11.54537
1,0,0,0,0,0,0,0,2,2,0,1,1,0|1|-5.880415
0,0,1,0,0,0,0,0,2,1,1,1,-1,1|2|1.171088
0,0,0,0,0,0,0,0,1,2,1,1,1,-1|4|-1.828
1,0,0,0,0,0,0,0,1,2,1,1,1,-1|2|0.4061649
1,1,1,0,0,0,0,0,2,1,2,-1,1,1|3|-0.5141153
1,1,1,0,0,0,0,1,2,1,2,-1,1,1|3|-0.1756507
1,1,0,0,0,0,0,1,2,1,2,-1,1,1|2|-2.93
0,0,1,0,0,0,0,0,1,2,0,-1,1,0|4|-0.13252
0,1,1,0,0,0,0,0,1,2,0,-1,1,0|4|-0.07753542
0,0,0,0,0,0,0,1,1,2,0,-1,1,0|0|0.006580313
0,0,0,1,0,1,0,0,1,2,0,-1,1,0|4|-0.476
0,0,0,1,0,0,0,0,1,2,0,-1,1,0|0|-5.97
0,0,0,0,0,0,0,0,2,0,0,1,0,0|4|2.496081
0,0,1,0,0,0,0,0,1,2,0,1,1,0|4|-1.012104
0,0,0,0,0,0,0,0,2,2,0,-1,1,0|3|0.5830892
0,0,0,1,0,0,0,0,1,2,2,1,-1,1|0|-11.8212
1,1,0,0,0,0,0,0,1,1,0,-1,-1,0|1|0.1798471
1,1,1,0,0,0,0,0,1,1,1,-1,-1,-1|2|0.0707
0,0,0,0,0,1,1,0,1,2,1,1,1,-1|1|-3
0,1,0,0,0,0,0,0,2,2,0,-1,1,0|2|-14.35992
0,1,1,0,0,0,0,0,2,0,1,1,0,-1|0|-0.05648002
1,1,1,0,0,0,0,1,2,2,0,-1,1,0|3|-0.1716159
1,1,1,0,0,0,0,1,2,2,0,-1,1,0|1|-3
0,0,0,0,0,0,0,0,2,1,0,-1,1,0|4|-0.06734956
1,1,1,0,0,0,0,0,2,1,1,-1,-1,1|4|-1.335741
1,1,1,0,0,0,0,0,2,1,1,-1,-1,1|3|-1.347962
0,0,0,0,0,1,0,0,1,0,0,1,0,0|0|0.06715519
1,1,0,0,0,0,0,0,1,1,1,1,1,1|4|-0.02814486
0,0,0,0,0,1,0,0,1,1,1,1,1,1|0|0.1435548
1,0,0,1,0,1,0,0,1,1,1,1,1,1|2|2.575149
1,1,1,0,0,0,0,0,1,1,1,1,1,1|1|0.175751
0,0,0,0,0,1,1,0,1,1,1,1,1,1|4|-0.02502563
0,0,0,0,0,1,1,1,1,1,1,1,1,1|1|0.7802948
0,1,1,0,0,0,0,0,1,1,1,1,1,1|0|0.1267377
0,0,0,0,0,0,0,1,1,1,1,1,1,1|4|-0.8426593
0,0,0,0,0,1,0,0,2,0,0,1,0,0|0|0.6966094
0,0,1,1,0,0,0,0,2,2,0,1,1,0|3|-0.093968
0,0,0,0,0,0,0,0,1,2,2,1,1,1|0|-0.6237975
0,0,0,1,0,1,0,0,1,2,2,1,1,1|2|0.1107952
0,0,0,0,0,1,0,0,0,1,2,0,1,1|4|-1.253094
0,0,0,0,0,0,0,0,0,1,2,0,1,1|1|-0.1908254
0,0,0,0,0,0,1,1,0,1,2,0,1,1|1|-0.0004097873
0,0,0,1,0,0,0,0,0,1,2,0,1,1|0|-11.8212
0,1,1,1,0,1,0,1,2,2,0,1,-1,0|3|-0.04172491
0,0,1,1,0,1,0,1,2,2,0,1,-1,0|3|-0.1715654
1,0,0,1,0,1,1,0,2,2,0,1,-1,0|1|-0.003122975
0,0,0,0,0,1,0,1,2,2,0,1,-1,0|3|-0.0815658
1,0,0,0,0,1,0,0,2,2,0,1,-1,0|4|-0.6252183
0,0,0,0,0,1,0,0,2,2,0,1,-1,0|3|-0.2859352
0,0,0,0,0,0,0,1,2,2,2,1,-1,-1|1|-5.97
1,0,0,0,0,0,0,1,0,1,0,0,1,0|1|0.09427855
0,0,0,1,0,1,0,0,1,2,0,-1,-1,0|1|0.005320228
1,1,1,0,0,0,0,0,2,1,2,1,-1,-1|4|-3.712808
1,1,1,0,0,0,0,1,2,1,2,1,-1,-1|4|-0.160792
1,1,1,0,0,0,0,0,2,1,2,1,-1,-1|2|-2.93
0,0,0,0,0,0,0,0,2,0,0,1,0,0|1|5.857474
1,1,0,1,0,0,0,0,1,2,0,1,1,0|2|0.07
0,0,0,0,0,0,0,0,1,1,2,-1,1,1|0|-5.859105
0,0,0,0,0,0,0,1,1,1,0,1,-1,0|3|-0.04453957
1,1,1,0,0,0,0,0,2,1,1,-1,1,-1|4|-6.294544
1,0,0,0,0,0,0,0,0,1,0,0,-1,0|3|-0.04245478
0,0,0,0,0,0,0,0,1,1,2,1,-1,1|3|-1.676002
0,0,0,0,0,0,0,0,1,2,1,-1,1,-1|1|0.008546514
0,0,0,0,0,0,0,1,1,1,2,1,-1,1|1|-0.03177042
0,0,0,0,0,0,1,1,1,1,2,1,-1,1|3|-6.235271
1,0,0,0,0,0,0,0,1,1,2,1,-1,1|0|0.0007708016
1,1,1,0,0,0,0,0,1,1,2,1,-1,1|2|0.307657
0,0,1,0,0,0,0,0,1,1,2,1,-1,1|3|-0.2373872
0,0,0,0,0,0,0,1,1,2,1,-1,1,-1|2|0.2477205
0,0,0,1,0,0,0,1,1,2,1,-1,1,-1|1|-0.0007998757
0,0,1,0,0,0,0,0,1,2,2,-1,1,1|1|0
0,0,0,0,0,1,0,0,2,2,1,1,1,-1|1|0.01420604
1,0,0,0,0,0,0,0,1,2,1,-1,1,-1|1|0.007167444
0,0,0,0,0,0,0,0,1,1,2,-1,-1,1|1|0.008393093
0,1,1,0,0,0,0,0,1,1,2,1,-1,1|3|-0.3556444
0,0,0,0,0,0,0,0,0,1,1,0,1,1|3|0.1649257
0,0,0,0,0,0,0,0,2,0,1,1,0,-1|1|0.004729694
0,0,0,0,0,0,1,1,0,2,0,0,1,0|0|-2.713587
1,0,0,0,0,1,0,0,2,1,0,-1,1,0|3|-0.3048519
0,0,0,0,0,1,0,0,2,1,0,-1,1,0|0|0.02563694
0,0,0,1,0,1,0,0,1,2,0,1,-1,0|2|0.373557
0,0,0,0,0,0,1,1,1,1,2,1,1,-1|4|-0.07617483
0,0,0,0,0,1,1,0,1,1,2,1,1,-1|4|-0.8751999
0,0,0,0,0,1,0,0,1,1,2,1,1,-1|0|-3.004972
0,0,0,0,0,1,1,0,1,1,2,1,1,-1|1|-0.001057204
0,0,0,0,0,1,0,0,1,1,2,1,1,-1|3|-0.1814803
0,0,1,1,0,0,0,0,1,2,0,-1,-1,0|4|-1.26648
0,1,1,1,0,0,0,0,1,2,0,-1,-1,0|1|-5.800831
0,0,0,0,0,0,0,0,2,2,0,-1,-1,0|1|-0.0112369
0,0,1,1,0,0,0,0,2,1,2,-1,-1,-1|0|0
0,0,0,1,0,0,0,0,2,1,2,-1,-1,-1|1|0
0,0,1,0,0,0,0,0,2,1,2,-1,-1,-1|4|-0.9456559
0,1,1,0,0,0,0,0,2,1,2,-1,-1,-1|3|-0.1652215
0,1,0,0,0,0,0,1,2,1,2,-1,-1,-1|2|-5.8307
1,0,0,1,0,0,0,0,2,1,0,-1,-1,0|2|0.07
0,0,1,1,0,0,0,0,0,2,1,0,-1,-1|1|0.0138624
0,0,1,0,0,0,0,0,2,2,1,-1,-1,-1|0|-0.03984342
0,1,1,0,0,0,0,0,0,2,1,0,-1,-1|2|0.1463562
0,0,0,0,0,0,0,1,0,0,1,0,0,-1|1|0.1014321
0,0,0,1,0,0,0,1,0,2,0,0,1,0|1|0.01798004
0,0,0,0,0,0,0,1,0,2,2,0,1,1|2|1.140324
0,0,0,0,0,0,0,0,2,0,2,1,0,1|2|0.8990322
1,0,0,1,0,0,0,0,1,2,0,-1,1,0|4|-0.3116603
1,0,0,1,0,0,0,0,0,2,0,0,1,0|3|3.339545
1,0,0,0,0,0,0,0,2,0,2,1,0,1|2|0.04
0,0,1,0,0,0,0,0,0,1,1,0,1,-1|3|-0.09339459
1,0,0,0,0,0,0,1,0,0,0,0,0,0|0|5.941058
0,0,0,1,0,0,1,1,0,2,0,0,-1,0|1|-0.003968
0,0,0,0,0,0,1,1,2,0,1,-1,0,-1|4|-0.5953383
0,0,0,0,0,0,0,0,2,0,0,1,0,0|3|76.44986
0,0,0,0,0,0,0,1,2,2,0,1,1,0|1|0
0,0,0,0,0,0,0,0,0,2,2,0,1,1|2|0.2006197
1,0,0,0,0,0,0,0,0,0,2,0,0,1|0|0.5292124
0,0,0,0,0,0,0,0,0,0,2,0,0,1|1|0.001088771
1,0,0,0,0,1,0,0,0,0,2,0,0,1|3|-0.3478625
0,0,0,0,0,0,0,0,0,0,2,0,0,1|2|33.91986
1,0,0,0,0,0,0,1,0,0,2,0,0,1|1|0
0,0,0,0,0,0,1,1,0,0,2,0,0,1|2|15.2864
1,0,0,0,0,0,0,0,2,0,0,1,0,0|2|4.398414
1,1,1,0,0,0,0,1,2,1,0,-1,-1,0|3|-0.04790207
0,0,0,1,0,0,0,0,1,2,1,1,-1,-1|3|-0.09789681
1,1,1,0,0,1,0,0,2,0,1,1,0,1|0|1.038554
0,1,1,0,0,0,1,1,2,0,1,1,0,1|3|-0.02382693
0,0,0,0,0,0,0,0,2,0,1,1,0,1|0|-0.01228307
1,0,0,0,0,1,1,1,2,0,1,1,0,1|3|-3.09
0,0,0,0,0,0,0,0,1,2,0,-1,-1,0|3|-0.04158656
0,0,1,0,0,0,0,0,1,2,0,-1,-1,0|1|-3
0,0,0,0,0,1,0,0,1,0,0,1,0,0|4|-0.07877878
0,0,0,0,0,1,0,0,1,0,0,1,0,0|2|0.07
1,0,0,0,0,0,0,0,2,1,2,-1,1,-1|4|-1.214934
1,0,0,0,0,0,0,0,2,2,2,-1,-1,-1|3|-1.512486
1,1,1,1,0,0,0,0,2,2,1,-1,1,-1|1|-0.9461741
1,1,1,0,0,0,0,0,2,2,1,-1,1,-1|0|-7.727559
1,1,1,1,0,0,0,0,2,2,1,-1,1,-1|0|-3
0,0,0,1,0,0,0,0,1,2,1,1,-1,1|0|-5.97
1,0,0,1,0,0,0,0,2,2,0,-1,-1,0|0|-3.057621
0,0,0,0,0,0,0,0,1,1,2,-1,-1,-1|1|-5.770234
0,0,0,1,0,0,0,1,1,2,0,1,1,0|2|0.3302329
0,0,0,0,0,1,0,0,1,1,2,1,1,1|1|-0.2993623
0,0,0,0,0,0,0,0,1,1,2,1,1,1|4|-6.571164
1,1,1,0,0,0,0,0,1,1,2,-1,1,1|3|-0.09
0,0,1,0,0,0,0,1,1,2,2,1,1,1|1|-5.97
1,1,1,0,0,0,0,1,2,1,0,1,1,0|1|0.2371734
0,0,0,0,0,1,0,0,0,2,2,0,-1,-1|2|0.1450476
0,0,0,0,0,1,0,0,0,1,0,0,1,0|4|-0.07942168
0,0,0,0,0,1,0,0,0,1,0,0,1,0|2|0.7569786
1,0,0,0,0,0,0,0,2,0,1,-1,0,1|0|-1.428335
0,0,0,1,0,0,0,1,1,2,2,1,1,-1|0|-3
1,0,0,1,0,0,0,1,0,2,0,0,1,0|0|-3
1,0,0,0,0,0,0,1,2,1,2,-1,-1,-1|4|-0.08
0,0,0,0,0,0,0,1,2,1,2,-1,-1,-1|1|0
0,0,0,0,0,0,1,1,2,1,2,-1,-1,-1|3|-3.15782
0,0,0,0,0,0,0,1,2,0,0,1,0,0|4|-0.7911914
1,0,0,0,0,0,0,1,2,0,0,1,0,0|3|1.434014
1,1,0,0,0,0,0,1,2,0,0,1,0,0|1|0.04361828
0,0,1,0,0,0,0,1,2,2,0,-1,1,0|3|-0.01585948
0,1,1,0,0,0,0,1,2,2,0,-1,1,0|1|-3
0,0,0,0,0,1,0,0,0,0,0,0,0,0|2|0.4962773
0,0,0,1,0,0,0,0,1,2,0,1,1,0|1|-50.57073
1,1,1,0,0,1,1,1,2,0,1,1,0,-1|1|0.3663317
1,1,1,0,0,1,0,0,2,0,1,1,0,-1|1|0
1,1,1,0,0,1,0,0,2,0,1,1,0,-1|0|9.903282
1,1,1,0,0,1,1,0,2,0,1,1,0,-1|0|4.820327
0,1,1,0,0,1,1,0,2,0,1,1,0,-1|0|0.9970496
0,1,1,0,0,1,0,0,2,0,1,1,0,-1|3|0.269759
0,0,1,0,0,1,0,0,2,0,1,1,0,-1|0|1.433646
0,0,0,0,0,1,0,0,2,0,1,1,0,-1|3|0.8911496
1,0,0,0,0,0,0,0,2,0,1,1,0,-1|2|3.262028
0,0,0,1,0,0,0,0,2,2,0,1,1,0|0|-59.5108
0,0,0,1,1,0,0,0,1,0,0,-1,0,0|4|-0.6038119
1,1,0,0,0,0,0,0,0,0,0,0,0,0|1|0.8728287
0,0,0,0,0,0,0,0,2,1,0,1,-1,0|4|-0.1591984
0,0,0,0,0,0,0,0,2,1,0,1,-1,0|0|0.005724596
0,0,0,1,0,0,0,0,0,2,1,0,1,-1|4|-4.435106
0,0,0,1,0,0,0,1,0,2,1,0,1,-1|2|0.07307319
0,0,0,1,0,0,0,0,0,2,0,0,-1,0|1|-3.344348
1,1,1,0,0,1,1,0,2,0,2,-1,0,-1|3|-3.816212
1,1,0,0,0,1,1,0,2,0,2,-1,0,-1|3|-0.1319935
1,1,0,1,1,0,0,0,2,0,0,1,0,0|2|-5.8307
1,1,0,1,0,1,0,0,2,2,0,-1,-1,0|3|-0.1491285
1,1,0,1,0,1,1,0,2,2,0,-1,-1,0|3|-0.03783475
1,1,0,1,0,1,0,0,2,2,2,-1,-1,-1|3|-0.8966427
1,1,0,1,0,0,1,1,2,2,0,-1,-1,0|2|-2.93
1,1,1,0,0,0,0,0,2,1,1,-1,1,-1|3|-5.516608
1,1,0,0,0,0,0,0,2,1,1,-1,1,-1|3|-2.597903
1,0,0,0,0,0,0,0,2,1,1,-1,1,-1|0|-3.522038
1,1,0,1,0,0,0,0,2,1,1,-1,1,-1|4|-0.3566903
1,0,0,1,0,0,0,0,2,1,1,-1,1,-1|4|-0.244747
0,0,0,0,0,0,0,0,2,1,1,-1,1,-1|3|-2.084074
1,0,0,0,0,0,0,1,1,1,0,1,-1,0|1|-0.000523278
1,1,0,0,0,0,0,1,1,1,0,1,-1,0|1|0.0001589704
1,1,0,0,0,0,0,0,2,1,1,-1,-1,-1|0|1.530516
1,1,0,0,0,0,0,1,2,1,1,-1,-1,-1|1|-8.709203
0,0,0,1,0,0,0,0,1,2,0,-1,1,0|2|4.193329
0,1,1,0,0,1,0,0,2,1,2,-1,-1,1|1|-3
0,1,1,0,0,1,0,0,2,1,2,-1,-1,1|2|-2.93
0,0,0,0,0,1,1,0,1,0,1,1,0,-1|2|0.1581842
0,0,0,0,0,1,0,0,2,0,1,1,0,1|0|1.81934
0,0,0,0,0,0,0,0,0,2,0,0,-1,0|4|-0.160936
1,1,1,0,0,0,0,1,2,1,1,-1,-1,1|0|-0.008207094
1,1,0,0,0,0,0,0,2,1,1,-1,-1,1|1|0.007037103
1,0,0,0,0,0,0,0,2,1,1,-1,-1,1|1|-2.986983
0,0,0,0,0,0,0,1,2,1,1,-1,-1,1|3|-0.1269998
0,0,1,0,0,0,0,0,2,1,1,-1,-1,1|4|-2.312427
0,0,0,0,0,0,0,0,2,1,1,-1,-1,1|2|1.639039
0,0,0,0,0,0,0,0,2,2,1,1,-1,-1|4|-0.4
0,0,0,0,0,0,0,0,2,2,1,1,-1,-1|2|0.2070229
0,0,0,0,0,0,0,1,1,2,2,1,1,-1|0|-0.02999406
0,0,0,0,0,0,0,0,1,2,2,1,1,-1|1|-5.939121
0,0,0,0,0,0,1,1,1,2,2,1,1,-1|4|-0.3176
0,0,0,0,0,1,1,1,1,2,2,1,1,-1|0|0
1,0,0,0,0,0,0,1,1,2,2,1,1,-1|4|-0.08
1,0,0,0,0,0,1,1,1,2,2,1,1,-1|4|-0.3176
1,0,0,0,0,1,1,1,1,2,2,1,1,-1|3|-3.09
1,1,1,0,0,1,0,0,2,1,0,-1,1,0|2|-5.8307
1,0,0,0,0,1,1,1,0,0,1,0,0,-1|2|0.5520188
1,0,0,0,0,1,0,0,0,0,1,0,0,-1|4|-0.1831853
1,0,0,0,0,0,0,0,0,0,1,0,0,-1|2|0.3422647
1,0,0,0,0,1,0,0,0,0,1,0,0,-1|2|2.377804
0,0,0,0,0,0,0,0,2,0,0,1,0,0|0|0.7216455
0,0,0,1,0,1,0,0,2,2,0,-1,1,0|4|-3.4
1,1,1,1,0,1,0,0,2,2,0,-1,1,0|3|-0.08397143
1,1,0,1,0,1,0,0,2,2,0,-1,1,0|3|-0.1652051
1,0,0,1,0,1,0,0,2,2,0,-1,1,0|1|0
0,0,0,0,0,0,0,1,2,2,0,-1,1,0|2|0.04
1,0,0,0,0,0,0,0,2,0,0,1,0,0|1|0.2054417
0,0,1,0,0,0,0,0,2,2,0,-1,-1,0|2|6.592533
0,0,0,1,0,0,0,0,0,2,0,0,1,0|0|-5.97
0,0,0,1,0,0,0,0,1,2,1,1,-1,1|3|-3.425869
0,0,0,0,0,0,0,0,1,2,1,1,-1,1|1|-11.822
1,0,0,0,0,0,0,0,2,2,0,-1,-1,0|4|-3.403602
1,0,0,0,0,1,0,0,2,2,0,-1,-1,0|4|-1.341745
1,0,0,0,0,1,1,0,2,2,0,-1,-1,0|0|-0.008829809
1,1,0,1,0,1,0,0,2,2,2,-1,-1,-1|2|-2.93
0,0,1,0,0,0,0,0,2,1,1,1,-1,-1|2|1.182028
0,0,1,0,0,0,0,0,2,2,1,1,1,-1|2|-4.640351
1,1,1,1,0,0,0,0,0,2,1,0,-1,1|0|-3
0,1,0,0,0,0,0,0,2,0,0,1,0,0|4|1.578398
1,0,0,0,0,0,0,0,1,2,0,-1,-1,0|3|-0.07763305
1,0,0,0,0,0,0,0,1,2,0,-1,-1,0|0|0.007798269
1,1,0,1,1,0,0,0,2,0,0,-1,0,0|1|-2.790174
0,0,0,0,0,0,0,0,1,1,2,1,-1,-1|1|-3
0,0,0,0,0,1,0,0,1,1,2,1,-1,-1|1|0
1,0,0,0,0,0,0,0,1,1,2,1,-1,-1|3|-0.2763499
1,0,0,0,0,0,0,1,1,1,2,1,-1,-1|0|-0.059403
1,1,0,0,0,0,0,1,1,1,2,1,-1,-1|2|-5.8307
0,0,0,0,0,0,0,0,2,1,0,-1,-1,0|2|1.937378
1,1,0,0,0,0,0,0,2,2,1,1,-1,-1|1|0
0,0,0,0,0,0,0,1,2,2,1,1,-1,-1|3|-3.09
1,1,0,0,0,0,0,0,2,1,0,1,-1,0|3|-0.1340579
1,1,0,0,0,0,0,0,2,1,0,1,-1,0|2|-2.93
1,0,0,1,0,0,0,0,2,2,0,1,1,0|0|-61.91569
0,0,0,1,0,0,0,0,2,2,0,-1,1,0|2|1.53352
0,0,0,0,0,1,0,0,2,2,2,-1,-1,1|3|-6.495933
0,1,1,1,0,0,0,0,2,2,0,-1,1,0|1|-3.615192
0,1,1,1,1,0,0,0,0,0,0,0,0,0|3|-3.350335
0,0,0,1,1,1,1,0,1,0,2,1,0,-1|3|-0.5966664
0,0,0,0,0,0,0,0,1,2,2,1,-1,-1|2|0.4773029
0,0,0,0,0,1,0,0,0,0,0,0,0,0|3|0.6276889
1,0,0,0,0,0,0,0,2,1,1,-1,-1,-1|0|-0.07260562
1,1,0,0,0,0,0,0,2,1,1,-1,-1,-1|4|-0.07998002
1,0,0,0,0,0,0,1,2,1,1,-1,-1,-1|2|0.350422
0,0,1,1,0,0,0,0,1,2,1,-1,-1,-1|1|0.0091118
0,1,1,0,0,0,0,0,1,2,1,-1,-1,-1|2|-2.93
0,0,0,0,0,0,0,0,2,1,0,1,-1,0|2|3.294898
0,0,0,0,0,0,0,0,1,0,2,-1,0,1|1|0.005277473
0,0,0,0,0,0,0,0,1,0,2,-1,0,1|3|-0.09
0,0,0,0,0,0,0,0,2,2,1,1,1,-1|2|1.637658
0,0,0,0,0,0,0,1,2,2,1,1,1,-1|0|0
0,1,1,0,0,0,0,0,0,2,1,0,1,-1|2|0.2204942
1,1,1,0,0,1,0,0,1,0,2,-1,0,1|0|0.1635296
1,1,0,0,0,0,0,1,1,0,2,-1,0,1|1|-2.945671E-05
0,0,0,0,0,0,1,1,1,0,2,-1,0,1|0|-0.006771279
0,0,0,0,0,0,0,1,1,0,2,-1,0,1|1|-0.08515388
0,0,0,0,0,1,0,0,1,0,2,-1,0,1|2|0.627862
1,0,0,0,0,0,0,1,1,1,0,-1,-1,0|0|0.06492372
0,1,1,1,0,1,0,0,1,2,1,1,1,-1|4|-0.1592
0,0,1,1,0,0,0,0,1,2,1,1,1,-1|3|-0.3616482
0,0,0,0,0,0,0,0,1,2,1,1,1,-1|0|-0.01722423
0,0,0,1,0,0,0,0,1,2,1,1,1,-1|2|0.4888358
0,0,0,0,0,1,1,0,1,1,2,1,1,1|3|-6.1491
0,0,1,0,0,0,0,0,2,1,0,1,-1,0|3|-0.04582672
0,0,0,0,0,0,0,0,0,2,1,0,1,-1|0|0.001393
1,0,1,0,0,0,0,1,0,1,0,0,1,0|0|0.3861521
0,0,0,0,0,1,0,1,0,1,0,0,1,0|4|-2.08
0,0,0,0,0,1,0,1,0,1,0,0,1,0|0|0.01128681
0,0,1,0,0,1,0,0,2,0,1,1,0,1|3|-3.140407
0,0,1,0,0,0,0,0,0,0,1,0,0,1|3|0.003956803
1,0,1,1,0,0,0,0,2,2,0,-1,-1,0|2|0.3316725
0,0,1,0,0,0,0,0,2,2,0,-1,-1,0|0|0
1,1,0,0,0,0,0,0,1,2,0,-1,-1,0|1|-5.97
0,0,0,1,0,1,0,0,0,2,2,0,-1,-1|2|0.5764478
1,0,0,0,0,1,0,0,2,0,2,-1,0,-1|0|0.003466713
0,0,0,0,0,0,0,0,1,1,1,1,1,1|3|0.1715894
0,0,0,0,0,1,0,1,1,1,0,1,1,0|4|-0.7999999
0,0,0,0,0,1,0,1,1,1,0,1,1,0|2|0.5781796
1,1,1,1,0,0,0,0,2,2,0,-1,-1,0|2|-17.14632
1,1,1,0,0,1,0,1,2,1,0,1,-1,0|4|-3.679999
1,1,1,0,0,1,0,1,2,1,0,1,-1,0|2|-5.8307
0,0,0,0,0,0,0,0,1,0,1,1,0,-1|1|-8.999999E-06
0,1,0,1,0,0,0,0,2,2,0,1,1,0|3|-0.4259011
0,1,0,1,0,0,0,1,2,2,0,1,1,0|4|-0.5552
0,0,0,0,0,0,0,0,2,2,1,-1,-1,-1|3|-0.7246447
1,0,0,0,0,0,0,0,2,1,1,-1,-1,1|4|-0.07993257
1,0,0,0,0,0,0,0,1,2,1,-1,-1,-1|2|0.2035796
1,0,0,0,0,0,0,1,0,1,2,0,-1,-1|1|0.005985261
0,0,0,0,0,0,1,0,0,1,2,0,-1,-1|2|0.6675217
0,0,0,1,0,0,0,0,0,1,0,0,1,0|3|0.3118047
0,0,0,0,0,0,0,0,0,1,1,0,-1,1|3|-0.0501994
1,1,0,1,1,1,1,0,1,0,2,1,0,-1|3|-0.09059103
1,0,0,1,0,0,0,0,1,2,2,1,-1,-1|4|-0.1592
1,0,0,1,0,1,0,0,1,2,2,1,-1,-1|2|-2.93
1,1,1,0,0,0,0,1,2,1,1,-1,1,-1|1|0.005859458
1,0,0,1,0,0,0,0,0,2,1,0,-1,1|4|-1.101035
1,0,0,1,0,1,0,0,0,2,1,0,-1,1|4|-0.1592
1,1,0,1,0,1,0,0,0,2,1,0,-1,1|3|-0.09178939
1,1,0,0,0,0,0,0,1,1,1,1,-1,1|4|-0.2380909
1,1,1,0,0,0,0,0,1,1,1,1,-1,1|0|-0.0002515647
0,0,0,0,0,1,0,0,1,1,1,-1,-1,1|1|0.5365564
0,1,1,0,0,1,0,0,1,1,1,1,-1,1|2|0.0673285
0,0,0,0,0,1,0,0,1,1,1,1,-1,1|1|0
0,0,0,0,0,1,1,1,1,1,1,1,-1,1|4|-3.08
0,0,1,0,0,0,0,1,0,1,1,0,-1,1|1|0.3086622
0,0,0,0,0,0,1,1,1,1,1,-1,-1,1|1|0.03620667
1,0,0,0,0,0,1,1,0,1,1,0,-1,1|3|-0.03301943
1,0,0,0,0,0,0,1,0,1,1,0,-1,1|1|0.2907854
1,1,0,0,0,1,0,0,2,2,0,1,1,0|3|-0.251129
1,1,1,0,0,1,0,0,2,2,0,1,1,0|1|-3
0,0,0,0,0,1,1,1,1,0,1,1,0,-1|0|0.05772093
0,0,1,0,0,0,0,0,2,1,0,1,1,0|2|0.5257987
0,0,1,1,0,0,0,0,2,2,2,-1,1,-1|0|-3
1,0,0,1,0,0,1,1,1,2,0,-1,1,0|1|1.254987E-05
0,0,0,1,0,1,0,0,1,2,2,-1,1,1|4|-2.831495
0,0,0,1,0,1,1,0,1,2,0,-1,1,0|3|0.1198002
0,1,0,0,0,0,0,0,2,1,2,1,-1,1|3|-0.12
0,1,1,0,0,0,0,0,1,2,0,1,-1,0|1|-8.506527
0,0,0,0,0,1,1,1,0,0,1,0,0,1|1|0
0,0,1,0,0,1,1,1,0,0,1,0,0,1|0|0
0,0,1,0,0,0,0,1,0,0,1,0,0,1|3|0.09454666
1,1,1,0,0,0,0,0,2,2,2,-1,1,-1|4|-0.3968
1,1,1,0,0,1,0,0,2,2,2,-1,1,-1|1|-3
0,0,0,1,0,1,0,0,1,2,2,1,-1,1|0|-5.97
1,0,0,1,0,0,0,1,2,2,0,1,1,0|2|0.1393
1,0,0,1,0,0,1,1,2,2,0,1,1,0|2|0.1329699
1,0,0,1,0,1,0,0,2,2,2,1,1,1|2|0.5555795
1,1,0,1,0,1,0,0,0,2,2,0,1,1|2|0.4641578
0,0,0,1,0,1,1,0,1,2,0,-1,-1,0|4|-0.1592
0,0,0,1,0,1,0,0,1,2,2,-1,-1,-1|0|-3
0,1,1,0,0,0,0,0,1,1,1,-1,-1,1|1|-3
1,0,0,0,0,0,0,1,1,0,0,-1,0,0|1|0.09722456
0,0,1,0,0,0,0,1,2,2,1,1,1,-1|2|0.345814
0,1,1,0,0,0,1,1,1,2,1,1,1,-1|4|-0.08
0,1,1,0,0,0,0,1,1,2,2,1,1,1|3|-0.2091
0,0,0,0,0,1,0,0,2,1,2,-1,-1,1|3|-3.233432
1,1,0,0,0,0,0,0,1,0,1,-1,0,1|0|5.182747
0,0,0,0,0,1,0,0,1,1,1,1,1,-1|0|0.7830544
0,0,0,0,0,1,1,0,1,1,1,1,1,-1|4|0.1116129
1,0,0,0,0,0,0,0,1,1,0,1,-1,0|2|-2.217857
1,1,0,0,0,0,1,1,2,1,1,-1,1,-1|4|-0.08214869
1,1,0,1,0,1,0,0,2,1,1,-1,1,1|1|0.004399686
1,1,1,0,0,0,0,0,2,2,2,1,-1,-1|2|-2.93
0,0,1,1,0,1,0,0,2,2,2,1,1,-1|1|0
0,1,0,0,0,0,0,1,2,2,2,1,1,-1|0|0.001393
0,0,1,0,0,1,0,0,2,2,2,-1,1,1|1|-3
0,0,1,0,0,1,0,0,2,1,1,-1,1,1|0|0.004742262
0,1,1,0,0,0,0,0,2,0,1,1,0,-1|3|-0.05957814
0,0,0,1,0,0,0,0,0,2,2,0,1,-1|4|-1.415312
0,0,1,1,0,0,0,0,0,2,2,0,1,-1|4|-0.708056
0,1,1,1,0,0,0,0,0,2,2,0,1,-1|4|-0.08
1,0,0,1,0,0,0,0,2,2,2,1,1,-1|1|0
0,0,1,0,0,0,0,0,2,2,2,1,1,-1|3|-0.4221059
1,0,0,0,0,0,0,1,2,1,0,-1,-1,0|0|0.01259943
0,0,0,0,0,0,1,1,2,0,2,-1,0,-1|3|-6.1491
0,0,1,1,0,0,0,1,0,2,2,0,1,-1|3|-0.09932794
1,1,0,0,0,0,0,0,2,2,0,1,-1,0|1|-11.4709
0,0,1,0,0,0,0,0,2,0,2,1,0,1|2|-0.4944264
0,1,1,0,0,0,0,0,1,0,2,1,0,-1|1|0.007025366
0,0,0,0,0,0,0,0,1,0,2,1,0,-1|2|1.17961
0,0,1,0,0,0,0,1,1,0,1,1,0,1|0|0.01011464
0,1,0,1,0,0,0,0,2,2,1,-1,-1,1|3|-0.1424942
1,1,0,0,0,0,0,0,2,2,1,-1,-1,1|2|-2.93
0,0,0,0,0,0,0,1,2,1,1,-1,1,-1|4|-0.472832
0,0,0,0,0,1,1,1,2,1,1,-1,1,-1|0|0.005392542
1,1,1,0,0,0,0,0,2,2,1,-1,-1,1|3|-0.1655533
1,1,1,1,0,0,0,0,2,2,1,-1,-1,1|2|-5.8307
0,0,0,0,0,0,0,0,2,1,1,1,-1,1|3|-1.391987
0,0,1,0,0,0,0,0,1,1,0,-1,1,0|0|0.1507955
0,0,0,0,0,1,0,0,1,1,0,-1,1,0|3|1.280049
0,0,1,0,0,0,0,0,1,1,1,-1,1,1|0|0.004078752
0,0,0,0,0,1,0,0,2,1,1,1,-1,1|0|0.004563566
0,0,0,0,0,0,0,0,2,2,2,1,1,1|4|-1.101688
1,1,0,0,0,0,0,0,0,2,2,0,1,1|0|-0.03157608
0,0,0,0,0,0,0,0,2,2,2,1,1,1|2|-2.039007
1,1,0,0,0,0,0,1,2,0,1,1,0,1|1|0
1,0,0,0,0,0,1,1,2,0,1,1,0,1|2|0.07463902
0,0,0,0,0,1,0,0,0,1,2,0,-1,1|3|-1.074012
0,0,0,0,0,0,0,0,0,1,2,0,-1,1|4|-3.778805
0,0,0,0,0,0,0,0,2,1,1,-1,-1,-1|3|-4.191155
0,1,1,0,0,0,0,1,1,1,1,-1,-1,-1|3|0.3722637
0,0,1,0,0,0,0,1,1,1,1,-1,-1,-1|2|0.5483358
0,0,0,0,0,0,1,1,1,1,1,-1,-1,-1|4|0.08322416
0,0,0,0,0,1,1,0,0,1,2,0,-1,1|4|-0.5552
0,0,0,0,0,1,1,1,0,1,2,0,-1,1|3|-3.09
1,0,0,1,0,0,0,0,2,2,1,-1,-1,1|0|-17.55596
0,0,1,1,0,0,1,1,2,2,0,-1,1,0|0|-11.8212
1,1,1,0,0,0,0,0,2,2,1,1,1,-1|3|-1.992692
0,1,1,0,0,0,0,0,2,2,1,1,1,-1|2|-5.8307
0,0,0,0,0,0,0,0,1,2,0,1,-1,0|2|2.479493
1,0,0,1,0,0,0,1,2,2,0,1,-1,0|0|-0.0293
1,0,0,0,0,0,0,0,2,0,0,1,0,0|3|1.27789
0,0,0,1,0,0,1,1,0,2,0,0,1,0|4|-0.2282282
0,0,1,0,0,0,0,0,2,2,1,-1,1,-1|2|0.3424735
0,0,0,0,0,0,0,0,1,2,2,1,-1,1|1|-3
0,0,0,0,0,1,0,0,0,0,1,0,0,1|0|10.64468
0,1,1,1,0,0,0,0,2,2,0,1,1,0|4|-27.1172
1,1,0,0,0,0,0,0,2,2,1,-1,1,-1|0|-0.01459845
1,1,0,1,0,0,0,0,2,2,1,-1,1,-1|1|-0.003269934
1,0,0,0,0,0,0,0,2,2,1,-1,1,-1|0|-4.877161E-05
0,0,0,0,0,0,0,0,2,2,1,-1,1,-1|3|-0.4916914
0,0,0,1,0,0,0,0,2,2,1,-1,1,-1|2|0.1386918
1,1,1,0,0,0,0,0,2,2,2,1,-1,1|4|-0.08
1,1,1,0,0,1,0,0,2,2,2,1,-1,1|1|-3
1,0,0,0,0,0,0,0,1,1,1,1,1,1|1|0.00353564
1,0,0,0,0,1,1,0,1,1,1,1,1,1|0|0.1847439
1,1,1,0,0,0,0,0,2,1,2,1,1,-1|1|-0.001619253
1,1,1,0,0,0,0,1,2,1,2,1,1,-1|2|-8.575369
0,0,0,1,0,0,0,0,1,2,1,-1,-1,-1|0|-5.97
0,0,0,0,0,0,0,1,1,1,1,-1,-1,1|3|-0.2429878
0,0,0,0,0,0,0,0,1,1,0,-1,1,0|3|-0.07959095
0,0,0,0,0,0,0,0,1,2,1,1,-1,1|2|0.9331344
1,1,0,0,0,0,1,1,1,1,2,-1,1,-1|1|0
0,0,0,0,0,1,1,1,1,1,2,-1,1,-1|3|-3.09
0,0,0,1,0,1,0,0,0,2,0,0,-1,0|1|-0.002471399
0,0,0,1,0,1,1,0,0,2,0,0,-1,0|3|-0.03475285
0,0,0,1,0,0,0,0,2,2,1,1,-1,-1|2|0.210694
0,0,0,0,0,0,0,0,1,2,2,-1,1,-1|1|-5.97
0,0,1,0,0,0,0,1,1,2,2,-1,1,-1|3|-0.1770229
0,1,1,0,0,0,0,1,1,2,2,-1,1,-1|1|-0.0309
0,1,0,0,0,0,0,0,2,0,0,-1,0,0|0|0.07088307
0,0,1,0,0,0,0,1,2,2,2,-1,-1,-1|1|-14.70299
1,0,0,0,0,1,0,0,0,1,0,0,1,0|1|0.108048
0,0,1,0,0,0,0,1,0,1,0,0,1,0|1|0.3776101
0,1,1,1,0,0,0,0,2,2,1,-1,-1,1|4|-3.06566
0,1,1,1,0,0,0,0,2,2,1,-1,-1,1|0|-5.97
0,0,0,1,0,0,0,0,0,2,0,0,-1,0|0|-3.036558
1,0,1,0,0,0,0,0,0,1,1,0,-1,1|0|0.003009517
0,1,1,0,0,1,1,1,2,0,1,1,0,-1|1|0.000106909
0,0,1,1,0,0,0,0,0,1,0,0,-1,0|4|-0.06055592
0,0,0,1,0,1,0,0,0,1,0,0,-1,0|4|-0.0687777
0,0,1,1,0,0,0,1,2,2,0,1,1,0|1|0
0,1,0,0,0,0,1,1,2,2,0,1,1,0|4|-0.08
0,0,0,0,0,0,0,1,2,2,2,1,1,1|0|0
0,0,0,1,0,0,0,1,2,2,0,1,1,0|3|-0.1703998
0,0,0,1,0,0,0,1,2,2,0,1,1,0|4|-0.1608596
0,0,0,1,0,0,1,1,2,2,0,1,1,0|0|-3
1,0,0,0,0,0,0,0,2,0,2,-1,0,1|0|0.004352704
0,0,0,1,0,0,0,0,1,1,2,-1,-1,1|4|-0.06683284
0,0,0,0,0,0,1,1,1,1,2,-1,-1,1|4|-4.38461
0,1,1,0,0,0,0,0,2,1,1,-1,-1,-1|2|-11.54537
0,0,0,0,0,0,0,0,2,1,2,1,1,-1|1|-0.030591
0,0,0,0,0,0,1,1,2,1,2,1,1,-1|3|-12.17583
1,1,1,0,0,1,0,0,2,1,2,-1,1,1|4|-0.8688319
1,1,1,0,0,1,1,0,2,1,2,-1,1,1|1|-0.003968
1,1,1,1,0,1,1,0,2,1,2,-1,1,1|0|-3
0,0,0,0,0,0,0,0,1,2,1,1,1,-1|2|0.1522518
0,0,0,0,0,0,0,1,1,1,2,1,1,1|1|0
1,0,0,0,0,0,1,1,1,1,2,1,1,1|2|0.2111998
0,0,0,0,0,1,0,0,0,1,1,0,1,1|1|0.04615723
1,1,0,0,0,1,0,0,1,1,1,-1,1,1|1|0.02366102
0,0,0,0,0,0,0,0,0,2,2,0,-1,-1|2|1.372396
1,1,0,0,0,0,0,0,1,0,2,-1,0,-1|3|-0.1688752
1,1,0,0,0,0,0,0,0,2,2,0,-1,-1|4|-0.1892
0,0,0,0,0,0,0,0,2,0,1,-1,0,-1|4|-0.08002015
0,0,1,0,0,0,1,1,2,0,1,-1,0,-1|4|-0.06288663
0,0,1,0,0,0,0,0,0,0,2,0,0,-1|0|0.001211466
0,0,0,0,0,1,0,0,0,0,2,0,0,-1|4|-0.07786797
1,1,1,0,0,0,0,0,1,1,0,1,-1,0|3|0.01394309
0,0,1,0,0,0,0,0,1,1,0,1,-1,0|4|-0.02572302
1,0,1,0,0,0,0,0,0,1,1,0,1,-1|4|-0.08
1,0,1,1,0,0,0,0,0,1,1,0,1,-1|1|0.0001911013
1,0,0,1,0,1,1,1,2,2,0,-1,-1,0|4|-0.1558562
0,1,1,1,0,1,0,0,1,2,2,1,-1,-1|3|-0.0818316
0,0,1,1,0,1,0,0,1,2,2,1,-1,-1|1|-0.03
1,1,1,0,0,0,1,1,2,1,1,1,1,-1|1|0.3434369
1,1,1,0,0,1,1,1,2,1,1,1,1,-1|3|-3.119754
1,1,1,1,0,0,0,0,2,2,0,1,1,0|4|-10.1168
1,0,0,1,0,1,0,0,2,2,2,1,1,-1|1|-0.003419932
1,0,0,0,0,0,0,0,1,2,2,-1,1,-1|0|0
1,0,0,1,0,0,0,0,1,2,2,-1,1,-1|0|-5.97
1,1,0,0,0,0,0,0,1,1,2,1,-1,-1|1|0
1,0,0,0,0,0,1,0,1,1,2,1,-1,-1|4|-0.1600024
0,0,1,0,0,0,0,0,1,1,2,1,-1,-1|2|0.08275508
0,0,0,0,0,0,0,1,1,0,1,-1,0,1|1|0.1578655
0,0,0,0,0,0,1,1,1,0,1,-1,0,1|2|0.1597396
0,0,0,1,0,0,0,1,1,2,0,-1,1,0|0|-5.97
1,0,0,0,0,1,0,0,2,2,2,-1,-1,1|4|-0.1592
1,1,1,0,0,1,0,0,2,2,2,-1,-1,1|3|-0.08585213
1,1,0,0,0,1,1,0,2,2,2,-1,-1,1|1|-3
0,0,0,0,0,0,0,0,1,2,2,-1,1,1|4|-3.645689
1,1,0,1,0,0,0,0,2,2,2,-1,1,-1|3|-0.1018184
1,0,0,1,0,0,0,1,2,2,2,-1,1,-1|4|-0.1592
0,0,0,1,0,0,1,1,2,2,2,-1,1,-1|3|-3.09
0,0,0,0,0,1,0,0,2,1,1,-1,1,1|0|0.02032785
1,1,1,0,0,1,0,0,2,2,1,1,-1,1|3|-3.168679
0,1,1,0,0,1,0,0,2,2,1,1,-1,1|0|0
0,0,1,1,0,1,0,0,2,2,2,1,-1,-1|0|-3
1,1,1,0,0,1,0,0,2,1,2,-1,1,-1|2|-2.93
0,0,0,0,0,0,0,0,1,1,1,-1,-1,1|0|0.4498885
0,0,0,0,0,0,1,0,1,1,2,1,1,-1|2|0.2084992
1,0,0,0,0,0,0,0,2,0,1,-1,0,-1|3|0.7248523
1,1,0,0,0,1,0,0,1,2,0,1,-1,0|1|0.001413583
0,0,0,1,0,1,0,0,0,2,1,0,-1,1|3|-0.0872272
1,0,0,0,0,1,0,0,1,0,2,1,0,-1|4|-0.07920912
1,1,0,0,0,0,0,0,1,1,0,-1,1,0|3|0.6603439
1,1,1,0,0,0,0,0,2,1,2,1,1,-1|3|-0.08695999
0,0,0,0,0,1,1,0,2,1,1,1,-1,1|2|0.07
1,1,1,1,0,0,0,0,2,2,1,1,1,-1|1|-0.1127731
0,0,0,1,0,0,0,0,1,1,0,-1,1,0|2|0.0700461
1,1,1,0,0,1,1,1,2,1,1,1,-1,1|4|-0.08
1,1,1,0,0,0,0,1,2,1,1,1,-1,1|0|0
0,0,1,0,0,0,0,1,2,1,1,1,-1,1|0|0.006044567
0,0,0,1,0,0,0,1,0,2,2,0,1,1|3|-0.6573765
1,0,0,0,0,0,0,1,2,2,1,1,1,-1|4|-0.553616
0,0,0,1,0,0,0,1,2,2,1,1,1,-1|1|0
0,0,0,1,0,1,0,0,2,2,2,1,1,1|0|-3
0,0,0,0,0,1,0,0,2,0,1,-1,0,-1|3|0.1622063
0,0,0,1,0,1,0,0,1,2,1,1,-1,1|0|-5.97
1,1,0,1,0,1,0,0,1,2,2,-1,1,-1|3|-0.08292153
1,1,0,0,0,1,0,0,2,1,0,-1,-1,0|2|-2.93
0,1,1,0,0,0,0,1,2,1,1,1,1,1|3|0.6147739
1,0,0,0,0,0,0,0,1,1,0,1,1,0|4|-1.062479
1,0,1,1,0,0,0,1,0,1,1,0,1,-1|3|-0.08796059
0,0,0,0,0,1,1,1,1,0,2,1,0,-1|2|9.14262
1,1,0,0,0,1,1,1,1,0,2,1,0,-1|4|-0.8688319
1,1,1,0,0,1,1,1,1,0,2,1,0,-1|1|-0.00712016
1,1,0,0,0,1,1,0,1,0,2,1,0,-1|1|-0.03492703
1,1,0,0,0,0,0,0,1,0,2,1,0,-1|4|-1.031097
1,1,0,0,0,0,0,1,1,0,2,1,0,-1|3|-0.1672984
0,0,0,0,0,1,1,0,0,2,2,0,-1,-1|0|0
0,0,0,0,0,1,1,1,0,2,2,0,-1,-1|3|-3.09
0,1,0,0,0,0,0,1,2,2,0,1,-1,0|2|-2.93
0,0,1,0,0,1,1,1,2,0,2,1,0,-1|1|-0.05545582
1,1,1,0,0,1,1,1,2,0,2,1,0,-1|1|0
0,1,1,0,0,1,1,1,2,0,2,1,0,-1|1|0
1,1,0,0,1,1,1,0,2,0,2,1,0,-1|4|-0.08
1,1,0,0,1,1,0,0,2,0,2,1,0,-1|1|0
1,0,0,1,0,0,0,0,2,0,2,1,0,-1|4|-0.08
1,1,0,1,0,0,0,0,2,0,2,1,0,-1|4|-0.3176
1,1,0,1,0,0,0,1,2,0,2,1,0,-1|4|-0.2384
1,1,1,1,0,0,0,1,2,0,2,1,0,-1|4|-0.1592
0,1,1,1,0,0,0,1,2,0,2,1,0,-1|4|-0.1592
0,1,1,1,0,0,1,1,2,0,2,1,0,-1|3|-3.09
1,1,1,0,0,0,0,0,2,1,2,-1,1,-1|3|-0.7757769
0,0,0,1,1,0,0,0,1,2,0,1,-1,0|1|0.004065796
1,1,1,0,0,0,0,1,2,1,2,-1,1,-1|1|0
1,1,0,0,0,0,1,0,2,1,2,-1,1,-1|1|-0.001585
1,0,0,0,0,0,0,1,2,1,2,-1,1,-1|1|0.004587538
0,0,1,0,0,0,0,0,2,1,2,-1,1,-1|0|0.003794357
1,0,0,0,0,0,0,1,0,1,2,0,1,-1|3|-0.2532534
1,0,0,0,0,0,0,0,0,1,2,0,1,-1|3|-0.09
1,0,0,0,0,1,0,0,1,2,1,1,-1,1|0|0.0007
0,0,1,0,0,1,1,1,1,2,1,1,-1,1|4|-0.08
0,0,1,1,1,0,0,1,1,2,1,1,-1,1|0|0
0,0,1,1,1,0,0,1,1,0,1,1,0,1|2|0.1201653
0,0,0,0,0,1,1,0,2,2,2,-1,-1,1|0|0
0,0,0,1,0,0,1,1,2,2,2,-1,-1,1|3|-0.09118506
0,0,1,0,0,0,0,0,2,0,0,1,0,0|3|23.75234
0,0,1,0,0,0,0,0,0,2,1,0,-1,-1|3|-0.1690937
1,0,1,0,0,0,0,1,0,0,2,0,0,-1|3|-0.089993
0,0,1,0,0,0,0,1,0,0,2,0,0,-1|4|-0.24
0,0,1,0,0,0,0,1,0,0,2,0,0,-1|3|-0.1790252
1,0,1,1,0,0,0,0,0,2,1,0,-1,-1|1|0.0005583104
1,0,0,0,0,1,0,0,0,0,0,0,0,0|1|0.03331605
1,0,0,0,0,0,0,1,0,2,2,0,1,1|3|-0.7983989
1,0,0,0,0,1,1,0,0,2,0,0,1,0|1|-3
0,0,1,1,0,0,0,0,1,2,0,1,-1,0|2|0.2447526
0,0,0,0,0,0,1,1,2,1,2,-1,1,-1|4|-0.154236
0,0,1,0,0,0,0,1,1,2,1,1,-1,1|2|0.1784983
1,0,1,0,0,0,0,1,0,0,1,0,0,1|3|-0.09
0,0,0,0,0,0,0,1,0,1,2,0,1,-1|0|0.02380699
1,0,0,0,0,0,0,1,2,1,2,-1,-1,-1|1|-0.030591
0,0,1,0,0,0,0,0,2,2,0,-1,-1,0|1|-3
1,1,1,0,0,1,1,0,2,0,1,1,0,1|2|-5.8307
1,0,0,0,0,0,0,0,2,1,2,1,1,-1|3|-0.1881917
1,1,0,0,0,0,0,1,2,1,2,1,1,-1|3|-0.2657964
0,0,1,0,0,0,0,0,2,2,1,1,1,1|4|-4.944022
1,1,0,0,0,1,1,0,1,2,1,-1,1,1|3|-0.09
0,0,1,0,0,1,1,1,2,1,2,1,1,-1|1|0
0,1,1,1,0,1,1,0,2,1,2,1,1,-1|3|-3.09
0,0,1,0,0,1,1,1,0,0,1,0,0,-1|2|0.09398874
0,0,0,0,0,1,0,0,2,0,0,-1,0,0|4|-0.7999999
0,0,0,0,0,1,0,0,2,0,0,-1,0,0|1|-0.002354738
0,1,1,0,0,1,0,0,2,0,0,-1,0,0|1|0.6974217
1,0,0,1,0,1,0,1,2,2,0,1,-1,0|1|-0.03
0,0,0,0,0,0,0,1,1,1,2,-1,1,-1|1|-0.004185305
0,0,0,0,0,0,1,0,1,1,2,-1,1,-1|2|0.07
0,1,1,0,0,0,0,0,2,1,1,-1,-1,1|0|-0.03821496
0,0,1,0,0,1,0,0,2,1,1,-1,-1,1|0|-0.004679815
0,0,1,0,0,0,0,0,2,1,1,-1,-1,-1|1|-3.086597
0,1,1,0,0,1,0,0,2,1,1,-1,-1,1|0|0
0,1,1,0,0,1,1,1,2,1,1,-1,-1,1|2|-2.93
0,0,0,0,0,0,0,1,1,2,2,1,1,1|2|0.3096332
0,0,0,0,0,1,1,0,1,1,2,-1,1,1|4|-6.56918
0,0,0,0,0,1,0,0,1,0,1,-1,0,1|0|0.2195888
0,0,0,1,0,0,0,1,1,2,1,-1,-1,-1|0|-3
0,1,0,0,0,0,0,0,2,1,1,-1,-1,-1|0|-0.02844303
0,1,1,0,0,0,0,0,1,1,0,-1,-1,0|0|0.04379091
0,1,1,0,0,0,0,1,0,2,1,0,1,-1|0|0
0,0,1,1,0,0,0,0,0,2,1,0,1,-1|4|-0.1592
0,0,1,1,0,0,0,1,0,2,1,0,1,-1|4|-0.3176
0,0,1,1,0,0,1,1,0,2,1,0,1,-1|1|0
0,0,1,0,0,0,0,1,2,2,2,1,1,1|2|1.233644
0,0,1,0,0,1,1,0,2,2,1,1,1,-1|4|-0.08
1,1,0,0,0,1,0,0,0,2,1,0,1,-1|3|-0.08508801
1,0,0,0,0,1,0,0,0,2,1,0,1,-1|4|-0.08
1,0,0,0,0,0,0,0,0,2,1,0,1,-1|3|-0.2547474
0,0,0,0,0,1,0,0,2,1,1,1,-1,-1|2|0.1391463
1,1,0,1,0,0,0,0,0,2,1,0,1,-1|2|0.1159782
0,0,1,0,0,1,0,0,2,0,0,1,0,0|1|0.988751
1,1,1,0,0,0,0,0,2,0,2,-1,0,1|2|-8.788295
1,1,1,0,0,1,0,0,2,0,1,-1,0,1|1|0
1,1,1,0,0,1,1,1,2,0,1,-1,0,1|1|0.2874313
1,1,0,0,0,0,1,1,2,0,1,-1,0,1|2|-2.913549
0,0,0,0,0,0,0,0,1,1,2,-1,1,-1|2|0.9717181
1,1,0,0,0,0,0,0,1,0,1,-1,0,-1|0|0.2280388
0,1,1,0,0,0,0,0,2,2,1,-1,1,-1|0|0
0,0,1,1,0,0,0,0,2,2,1,-1,1,-1|3|-0.1573
0,1,1,1,0,0,0,0,2,2,1,-1,1,-1|4|-0.08
0,1,0,1,0,0,0,0,2,2,1,-1,1,-1|1|0
1,0,0,1,0,0,0,0,2,2,1,-1,1,-1|1|-0.001313593
0,0,0,0,0,0,0,1,2,1,0,1,-1,0|2|0.0707
0,0,1,0,0,0,0,0,2,2,2,-1,-1,1|2|0.276514
0,0,1,0,0,1,0,0,2,2,2,-1,-1,1|0|0
0,0,1,1,0,0,1,0,0,2,2,0,-1,1|0|-3
0,0,0,0,0,0,1,1,2,1,1,-1,1,-1|4|-0.08
0,0,1,0,0,0,0,1,2,1,1,-1,1,1|3|-0.08576048
0,0,0,0,0,0,0,1,0,2,2,0,-1,-1|1|-5.97
1,1,1,0,0,0,0,0,2,1,2,-1,-1,-1|4|-4.23008
1,1,0,0,0,0,0,1,1,0,0,1,0,0|3|1.029611
0,0,0,1,0,1,0,0,1,2,1,1,1,-1|4|-0.1558789
0,0,0,1,0,0,1,0,1,1,2,-1,1,1|2|0.07079042
1,0,0,0,0,0,0,0,1,0,1,-1,0,-1|0|0.4946224
0,0,0,0,0,1,0,0,0,1,2,0,1,-1|4|-0.08
0,0,0,0,0,1,0,0,0,1,2,0,1,-1|2|0.1087642
1,1,1,0,0,1,0,0,2,1,1,-1,1,1|3|0.4887977
1,1,1,1,0,1,1,0,2,1,1,-1,1,1|4|-0.001885838
1,0,0,0,0,0,1,0,2,2,2,-1,-1,1|4|-0.2384
1,0,0,0,0,0,1,1,2,2,2,-1,-1,1|1|-3
0,0,0,0,0,1,1,1,0,0,2,0,0,-1|2|9.071831
0,0,0,1,1,1,1,0,1,2,2,-1,-1,-1|3|-0.09
1,1,0,1,1,1,1,0,2,0,2,-1,0,-1|3|-0.1149169
0,0,0,0,0,0,1,1,1,2,2,-1,-1,-1|4|-0.476
0,0,0,1,0,1,1,1,1,2,2,-1,-1,-1|2|0.04116528
0,0,0,0,0,0,1,0,2,1,2,-1,-1,-1|2|0.07768425
0,0,0,0,0,1,0,0,2,0,2,1,0,-1|2|0.1433519
0,0,0,0,0,0,0,0,0,2,2,0,-1,1|0|-0.05704082
0,0,0,0,0,0,0,1,0,2,2,0,-1,1|4|-0.3960239
0,0,0,1,1,0,0,0,0,2,2,0,-1,1|4|-0.08
0,0,0,1,1,0,0,0,0,0,2,0,0,1|3|-8.985265
1,1,1,0,0,0,0,0,1,2,0,-1,-1,0|3|-0.1674334
0,0,0,0,0,1,0,0,1,2,2,-1,-1,1|4|-0.4731497
0,0,0,0,0,0,1,1,0,1,2,0,-1,-1|1|0.009898857
1,1,1,0,0,0,0,0,2,2,0,1,1,0|4|-4.12
1,0,0,1,0,1,0,0,2,2,2,-1,1,-1|3|-0.08528426
1,0,0,1,0,0,0,0,2,2,2,-1,1,-1|0|-3
1,0,0,0,0,1,0,0,2,1,2,-1,1,1|2|-0.007729894
0,0,0,1,0,0,0,0,2,2,1,1,-1,1|1|-0.002375781
0,0,1,0,0,0,0,0,2,2,1,1,-1,1|4|-0.395216
0,0,0,0,0,0,0,0,2,2,1,1,-1,1|0|-0.008618786
1,0,0,1,0,0,0,0,2,2,1,1,-1,1|4|-0.5536556
1,1,0,1,0,1,0,0,2,2,1,1,-1,1|1|0
1,0,0,0,0,0,0,0,2,2,1,1,-1,1|0|-2.384E-05
0,1,1,1,0,1,1,0,2,2,1,1,-1,1|3|-3.09
1,1,0,1,0,1,0,0,1,2,0,-1,-1,0|3|-0.03027317
1,0,0,1,0,0,0,0,0,1,2,0,-1,-1|3|-0.07520636
0,0,0,0,0,1,0,0,2,1,1,1,1,1|3|-3.045244
0,0,0,0,0,0,0,1,0,1,0,0,1,0|2|1.323605
0,0,1,0,0,1,0,0,2,0,1,-1,0,1|4|-0.2384
0,0,1,0,0,1,1,0,2,0,1,-1,0,1|1|-0.0293
0,1,0,0,0,1,0,0,2,0,1,-1,0,1|2|-2.93
0,0,1,0,0,0,0,0,0,0,2,0,0,1|4|-1.1928
0,0,1,0,0,1,1,0,0,0,2,0,0,1|2|4.692163
0,0,1,0,0,1,1,1,0,0,2,0,0,1|0|-0.005631279
0,0,1,0,0,0,0,1,0,0,2,0,0,1|4|-1.11257
0,0,1,0,0,0,0,0,0,0,2,0,0,1|0|0.3069825
0,0,0,0,0,0,1,0,1,0,2,-1,0,-1|4|-0.7812966
0,0,0,1,0,0,1,1,1,2,0,1,1,0|1|0.002816537
1,0,0,1,0,0,0,0,1,1,2,1,1,1|1|0
0,0,0,0,0,1,1,1,1,1,2,1,1,1|3|-6.1491
0,0,0,0,0,0,0,0,2,1,1,1,1,-1|4|-4.723925
0,1,0,0,0,0,0,0,2,1,1,1,1,-1|3|-0.2796344
0,0,0,0,0,0,0,1,2,1,1,1,1,-1|0|-0.1439799
0,1,1,1,0,0,0,0,1,2,1,-1,-1,-1|4|-0.3291258
0,0,1,0,0,0,0,1,2,2,1,-1,-1,-1|2|1.498726
1,1,0,0,0,0,0,1,1,2,1,-1,-1,-1|0|-0.01566841
1,0,0,0,0,0,0,1,1,2,1,-1,-1,-1|1|-3
1,0,0,0,0,1,0,0,1,0,0,1,0,0|0|1.493597
0,0,1,1,0,0,0,0,2,2,1,-1,-1,1|1|0
0,1,0,0,0,0,0,0,2,2,1,-1,-1,1|1|-5.97
0,0,1,0,0,0,0,1,1,1,2,-1,1,-1|4|-3.394424
0,1,1,0,0,0,0,1,1,1,2,-1,1,-1|0|0
0,0,1,0,0,0,0,0,1,1,2,-1,1,-1|4|-0.162376
1,1,1,0,0,1,0,1,2,0,0,1,0,0|2|-2.93
0,0,0,1,0,0,0,0,0,2,2,0,1,1|0|-3
0,1,0,1,0,0,1,1,2,2,0,-1,1,0|1|0
1,0,0,0,0,0,0,0,2,2,2,-1,1,1|3|-3.392692
1,1,1,0,0,0,0,0,1,0,2,1,0,-1|4|-1.340094
0,0,1,0,0,0,0,0,1,0,2,1,0,-1|0|0.003424202
0,0,0,0,0,0,0,0,2,2,1,1,1,1|1|-2.97
1,1,0,0,0,1,1,1,2,0,2,1,0,-1|1|-0.03958194
1,1,0,0,0,1,1,0,2,0,2,1,0,-1|4|-0.08
1,1,0,0,0,1,1,0,2,0,2,1,0,1|3|-3.090725
0,0,1,1,0,0,0,1,0,2,0,0,1,0|2|0.07
0,1,1,0,0,1,0,0,2,0,2,-1,0,1|2|-2.93
1,1,0,0,0,0,0,1,2,1,1,-1,1,-1|1|0.01756764
1,0,0,1,0,0,0,0,1,2,1,-1,-1,1|3|-0.5096976
0,0,1,0,0,0,0,1,2,1,2,1,1,-1|1|0
0,1,1,0,0,0,1,0,2,1,2,1,1,-1|0|0
0,0,1,0,0,1,1,0,2,1,2,1,1,-1|1|0
0,1,1,0,0,1,0,0,2,1,2,1,1,-1|0|0
0,0,1,1,0,1,1,0,2,1,2,1,1,-1|0|-3
0,0,1,0,0,0,0,0,2,1,0,1,-1,0|4|-0.1526552
0,0,0,0,0,0,0,0,1,0,2,1,0,1|4|-2.57003
1,1,0,0,0,0,0,0,1,0,2,1,0,1|4|-0.03152791
0,0,0,0,0,1,1,0,0,0,2,0,0,1|0|2.253134
1,1,1,0,0,1,1,0,1,0,2,1,0,1|2|0.05643843
0,0,1,0,0,1,1,0,1,0,2,1,0,1|1|0
0,0,1,0,0,1,1,1,1,0,2,1,0,1|3|-3.09
0,0,0,0,0,1,0,0,1,0,1,1,0,-1|3|0.2385133
0,1,0,0,0,0,0,0,2,1,1,-1,1,-1|3|-0.5183889
0,0,0,0,0,0,0,0,1,1,2,1,-1,-1|2|0.4171735
0,1,0,0,0,0,0,0,2,1,1,1,-1,1|2|-2.847789
1,1,0,0,0,0,0,1,1,2,1,-1,1,-1|0|0
1,0,0,1,0,0,0,0,2,2,1,1,1,-1|2|0.1393
1,1,0,1,0,0,0,1,1,2,1,-1,1,-1|3|-0.09902383
0,0,1,0,0,0,0,1,1,1,1,-1,1,-1|1|0.1343921
1,1,1,0,0,1,0,0,2,1,1,1,1,-1|3|-0.2676759
0,0,0,1,0,0,0,0,1,1,0,1,-1,0|1|0.05257224
1,1,1,1,0,0,0,0,2,1,1,1,1,-1|4|-0.07999117
0,0,0,1,0,0,0,0,1,1,1,1,1,1|2|0.011693
1,0,0,0,0,0,0,0,1,0,0,-1,0,0|1|0.316235
0,0,0,0,0,1,0,0,0,1,1,0,-1,-1|3|0.1795325
0,0,0,0,0,0,1,1,0,0,1,0,0,-1|3|-3.09
0,0,0,0,0,1,0,0,1,1,2,1,-1,1|2|0.2006483
0,0,0,0,0,0,1,0,1,1,2,1,-1,1|4|-0.0808792
0,0,1,0,0,1,0,0,2,1,1,1,1,1|1|0.02336858
0,0,0,0,0,0,1,0,2,2,2,-1,-1,1|4|-0.2384
0,0,0,0,0,0,0,0,2,2,2,-1,-1,1|4|-0.08
0,0,0,0,0,0,0,1,2,2,2,-1,-1,1|0|0.0007
0,0,0,0,0,1,0,0,2,2,2,-1,-1,-1|0|0
1,0,0,1,0,1,1,0,2,2,2,-1,-1,-1|2|0.2086
0,1,1,1,0,1,1,0,1,2,2,1,-1,-1|4|-0.08
0,0,1,1,0,1,1,0,1,2,2,1,-1,-1|0|-3
0,0,0,0,0,0,0,1,2,0,1,1,0,1|1|2.569624
0,0,1,0,0,0,1,1,2,0,1,1,0,1|2|0.1609736
0,0,1,0,0,1,1,1,0,0,0,0,0,0|4|-0.5647728
0,1,0,0,0,0,0,0,2,1,0,-1,1,0|3|0.1310582
1,1,1,1,0,1,0,0,0,2,0,0,-1,0|4|-0.08
1,1,1,1,0,1,0,0,2,2,1,1,-1,1|0|-3
0,1,1,0,0,1,0,1,1,0,0,1,0,0|4|-0.08
0,0,1,0,0,1,0,1,1,0,0,1,0,0|2|0.2920138
1,0,1,0,0,0,0,0,0,0,1,0,0,-1|4|0.08364992
1,0,1,0,0,0,0,1,0,0,1,0,0,-1|0|0.8106978
1,0,0,0,0,0,0,1,2,2,2,1,-1,-1|1|-3
0,0,1,0,0,1,0,0,0,1,0,0,-1,0|4|-1.65153
0,0,1,0,0,0,0,0,1,0,1,1,0,-1|1|4.21474
0,0,1,0,0,0,0,0,2,2,1,1,1,1|2|0.5507151
0,1,1,0,0,0,0,0,2,2,2,1,1,1|4|-0.3968
0,1,1,0,0,1,1,1,2,2,0,1,1,0|3|0.437123
1,1,0,1,0,0,0,0,0,2,1,0,-1,1|3|-0.1631402
1,1,1,0,0,0,0,1,2,2,1,1,1,-1|4|-0.3176
1,1,1,0,0,0,1,1,2,2,1,1,1,-1|2|-2.93
0,1,1,1,0,1,0,0,2,2,2,-1,1,1|2|-2.93
1,1,1,0,0,0,1,1,2,1,1,-1,-1,-1|2|-2.93
1,1,1,0,0,0,0,0,1,2,0,1,-1,0|2|0.07
1,1,1,0,0,0,0,0,0,2,0,0,1,0|4|-0.08003165
0,0,1,1,0,0,0,0,2,2,0,-1,1,0|4|-0.3204624
1,0,0,0,0,1,0,0,1,1,1,1,-1,1|0|0.1116105
0,0,0,0,0,0,0,1,1,1,1,1,-1,1|2|0.0628165
0,0,1,0,0,0,0,0,2,1,1,-1,1,-1|3|-0.1715289
0,0,1,1,0,0,0,0,0,2,1,0,-1,1|4|-0.3939853
1,1,0,0,0,0,0,0,2,0,2,1,0,1|2|-5.836678
1,1,1,1,0,0,0,0,2,2,0,1,1,0|3|6.443325
0,0,0,1,0,0,0,1,1,2,0,1,-1,0|4|-0.09357075
0,0,0,0,0,0,0,0,1,2,0,1,-1,0|4|-0.06908962
0,0,1,0,0,0,0,0,1,0,2,-1,0,-1|1|0.01738965
0,0,1,0,0,0,0,1,1,0,2,-1,0,-1|3|-0.09
1,1,0,0,0,1,0,0,0,2,0,0,-1,0|2|0.07
1,1,1,0,0,0,0,1,1,0,2,-1,0,-1|2|-2.93
0,0,0,0,0,0,0,0,0,0,2,0,0,-1|0|0.02479656
1,0,0,1,0,0,0,1,2,2,1,-1,-1,1|1|-0.1467239
0,0,0,0,0,0,0,1,2,2,1,-1,-1,1|2|0.0724341
0,0,0,1,0,1,0,1,0,2,2,0,-1,-1|0|-0.0002437725
0,0,0,1,1,1,1,0,0,0,2,0,0,-1|1|-6.017462
0,0,0,1,1,1,1,1,0,2,2,0,-1,-1|1|0.0007580565
0,1,0,0,0,0,0,0,2,0,2,1,0,-1|0|-0.0002726443
0,0,1,0,0,0,0,0,2,0,2,1,0,-1|0|-0.04615603
0,0,1,0,0,1,1,0,2,0,1,1,0,-1|2|0.1471872
0,0,1,0,0,0,0,1,1,2,0,1,1,0|3|0.3161074
0,0,0,0,0,0,1,1,1,2,0,1,1,0|3|-0.257584
0,0,0,1,0,0,0,1,0,1,1,0,1,1|2|0.08652843
0,0,1,0,0,1,0,0,2,2,2,1,1,-1|2|0.0710484
0,0,0,0,0,0,0,0,2,1,2,1,1,1|1|0.0007
0,0,1,0,0,0,0,1,2,1,2,1,1,1|3|-0.08826208
0,0,0,0,0,0,0,1,2,1,2,1,1,1|2|0.07
0,0,0,0,0,0,0,0,1,2,1,1,1,1|1|-3
0,0,0,0,0,1,1,1,0,0,0,0,0,0|3|-2.6985
1,1,0,0,0,1,0,0,2,0,1,1,0,1|1|-0.004027016
1,1,0,0,0,1,1,0,2,0,1,1,0,1|2|-5.8307
0,0,0,0,0,1,0,0,1,0,1,1,0,1|3|-2.268427
1,1,1,0,1,0,0,0,0,0,0,0,0,0|0|-0.05004852
0,0,0,0,0,0,0,1,1,0,1,1,0,1|3|0.01638141
1,0,0,1,0,0,0,0,1,1,1,1,1,1|2|0.7052912
0,0,0,0,0,0,0,0,2,1,2,1,-1,1|4|-1.02644
1,0,0,0,0,0,1,0,2,1,2,1,-1,1|2|0.06730416
0,0,0,0,0,0,0,1,2,1,2,1,-1,1|1|0
1,0,0,0,0,0,0,0,2,1,2,1,-1,1|2|0.07369088
1,1,0,0,0,0,0,1,2,1,0,1,-1,0|2|-2.93
0,0,1,1,0,0,0,1,2,2,1,1,-1,-1|1|0
0,1,1,0,0,0,0,1,2,2,2,1,-1,-1|3|-0.386409
0,0,1,0,0,0,0,1,2,2,2,1,-1,-1|1|-5.97
1,0,1,0,0,0,0,0,0,0,0,0,0,0|2|4.197605
0,0,1,0,0,1,0,1,2,0,0,1,0,0|3|7.914317
0,0,0,0,0,1,0,1,2,0,0,1,0,0|2|-0.2662368
1,0,0,0,0,0,0,0,1,2,2,1,-1,1|3|-0.07960556
0,0,0,1,0,1,0,0,0,2,2,0,-1,1|2|0.4079777
0,0,0,0,0,1,1,0,0,2,0,0,-1,0|1|-5.97
0,1,0,0,0,0,0,1,2,0,0,-1,0,0|1|2.147196
0,0,0,1,0,0,0,1,0,2,0,0,-1,0|4|-0.8539708
0,0,0,0,0,1,0,0,1,1,2,-1,-1,1|4|-1.104926
0,0,0,0,0,1,1,1,1,1,2,-1,-1,1|4|-1.275429
0,0,1,0,0,0,0,1,2,2,1,-1,1,-1|2|0.07
0,0,1,1,0,1,1,0,1,2,2,-1,-1,1|1|0
0,1,1,1,0,0,1,0,1,2,2,-1,-1,1|1|0
0,0,1,0,0,1,1,0,2,2,2,-1,-1,1|2|0.2086
0,0,1,0,0,0,1,0,2,2,2,-1,-1,1|0|0
1,0,0,1,0,0,0,1,2,2,2,-1,-1,1|1|0
0,0,1,0,0,0,1,1,2,2,2,-1,-1,1|3|-3.09
1,0,0,0,0,0,0,0,1,1,2,-1,1,-1|3|-0.07805468
1,1,0,0,0,0,0,0,1,1,1,-1,-1,1|0|3.891551
1,0,1,1,0,0,0,1,2,2,2,-1,1,1|2|0.07
0,0,1,0,0,0,0,0,1,2,2,-1,-1,1|0|0
0,0,1,0,0,1,1,0,1,2,2,-1,-1,1|2|0.06869655
0,0,1,1,1,1,1,0,1,0,2,-1,0,1|0|0
0,0,1,1,1,1,1,1,1,0,2,-1,0,1|0|0
0,0,1,1,1,0,0,1,1,0,2,-1,0,1|2|0.1383912
0,0,1,1,1,0,0,1,0,0,0,0,0,0|3|-3.120176
1,0,0,0,0,0,0,0,1,0,2,1,0,1|3|-0.3445674
1,1,1,0,0,1,0,0,1,0,2,1,0,1|1|0.006349259
0,1,1,0,0,0,0,0,1,0,2,1,0,1|0|-0.02582513
0,0,0,0,0,1,0,0,1,0,2,1,0,1|3|-0.2553602
0,0,0,0,0,0,1,1,1,0,2,1,0,1|3|-3.09
0,0,0,0,0,1,0,0,0,2,2,0,-1,1|1|-0.03
0,0,1,1,0,0,0,1,0,2,0,0,-1,0|2|0.1985274
0,0,0,0,0,0,0,0,1,1,2,1,1,-1|2|0.229258
0,0,1,1,0,0,0,0,0,2,2,0,-1,-1|3|-0.1674049
0,0,1,0,0,1,0,0,0,2,2,0,-1,-1|4|-0.08
0,0,1,1,0,1,0,0,0,2,2,0,-1,-1|0|-3.001641
0,0,0,1,1,1,1,1,0,0,2,0,0,-1|4|-0.4268
0,0,0,0,0,0,0,1,0,1,1,0,-1,1|0|0.2121149
0,0,1,0,0,1,0,0,2,2,0,1,1,0|3|-0.100592
1,1,0,0,0,0,0,0,0,2,0,0,1,0|2|0.1509423
0,0,0,0,0,1,1,1,0,0,2,0,0,1|2|20.94837
0,0,0,0,0,0,0,0,0,0,2,0,0,1|4|0.2947745
0,0,0,0,0,1,1,1,0,0,2,0,0,1|1|0
1,0,0,0,0,1,1,1,0,0,2,0,0,1|0|0.03561044
0,0,0,0,0,0,0,1,0,0,2,0,0,1|0|0.1986115
0,0,0,0,0,0,0,1,0,0,2,0,0,1|1|0
1,0,0,0,0,0,1,1,0,0,2,0,0,1|1|0.002959834
0,0,0,0,0,1,1,1,0,0,2,0,0,1|3|-3.09
0,1,0,0,0,0,1,1,2,1,1,1,1,-1|2|0.07
0,1,1,0,0,0,0,0,2,2,1,-1,1,1|3|-0.09057668
1,0,0,0,0,0,0,0,2,1,1,1,1,-1|3|-0.1435259
1,0,0,0,0,0,0,1,2,1,1,1,1,-1|3|-0.1060751
1,1,0,0,0,0,0,1,2,1,1,1,1,-1|0|0
0,1,1,1,0,0,0,0,2,1,1,1,1,-1|4|-0.1616973
1,1,1,0,0,0,0,1,2,1,1,1,1,-1|3|-0.1587778
0,0,0,0,0,0,0,1,2,0,2,1,0,1|3|-0.2627825
1,0,0,0,0,0,0,1,2,0,2,1,0,1|0|-0.02936038
0,1,1,1,0,0,0,0,0,2,1,0,-1,-1|1|0.005551
0,1,1,0,0,0,0,1,0,2,1,0,-1,-1|2|0.1649037
0,0,0,0,0,0,1,0,0,0,2,0,0,-1|2|0.4527819
1,1,0,0,0,0,1,0,1,0,2,-1,0,-1|3|-3.09
0,0,1,0,0,1,0,0,0,2,2,0,1,-1|1|-3
0,0,0,1,0,1,0,1,1,2,2,1,-1,-1|4|-0.2376011
0,0,0,0,0,0,0,1,1,2,2,1,-1,-1|1|-2.998628
0,0,0,0,0,0,0,1,2,1,2,-1,1,-1|1|0.001084573
0,0,0,0,0,0,1,0,2,1,2,-1,1,-1|1|-0.002383655
0,1,0,0,0,0,0,0,2,1,2,-1,1,-1|4|-0.5552
0,0,1,0,0,1,0,0,2,1,2,-1,1,-1|4|-0.6288334
0,1,1,0,0,0,0,0,2,1,2,-1,1,-1|0|-5.106789E-05
0,0,0,0,0,0,0,1,0,0,1,0,0,1|4|0.07123647
0,0,0,0,0,0,0,1,0,0,1,0,0,1|3|0.007640314
1,0,0,0,0,1,0,0,0,0,1,0,0,1|3|-2.928118
1,0,0,0,0,1,1,0,0,0,1,0,0,1|0|1.028442
0,1,0,0,0,0,0,0,2,0,1,1,0,-1|3|0.2264919
1,0,0,0,0,0,0,0,2,2,1,-1,-1,-1|0|0
1,1,0,1,0,0,0,0,2,2,1,-1,-1,-1|2|-2.93
1,0,0,1,0,0,1,1,0,2,0,0,1,0|4|-0.1592
1,0,0,1,0,1,0,0,0,2,2,0,1,1|2|0.326231
1,0,0,0,0,0,0,1,2,1,1,-1,-1,1|4|-0.1600755
0,0,1,0,0,1,0,0,2,0,2,1,0,-1|1|0
0,1,1,0,0,0,0,0,2,0,2,1,0,-1|4|-0.08
0,1,1,0,0,0,0,1,2,0,2,1,0,-1|4|-0.3176
0,0,1,0,0,0,0,1,2,0,2,1,0,-1|0|-0.0177264
0,1,0,0,0,0,0,0,2,2,2,-1,1,1|3|-0.1184396
0,0,0,0,0,0,0,0,2,2,2,-1,1,1|4|-5.58121
0,0,0,0,0,0,0,0,2,2,2,-1,1,1|1|-3.003444
0,0,0,0,0,1,0,0,1,1,0,-1,-1,0|0|0.7492409
0,1,1,0,0,0,0,0,2,1,1,1,-1,-1|3|0.6404737
0,1,1,0,0,1,0,0,1,0,2,-1,0,1|0|0
0,0,1,0,0,0,1,0,1,0,2,-1,0,1|4|-0.2384
0,0,1,0,0,0,1,1,1,0,2,-1,0,1|3|-9.177608
1,0,0,0,0,0,0,0,2,0,0,1,0,0|0|-0.001186945
0,1,1,1,0,0,0,0,1,2,0,1,-1,0|1|0.1304768
0,0,0,0,0,0,0,0,1,2,2,-1,-1,1|4|-0.1607712
0,0,0,0,0,1,1,0,1,2,2,-1,-1,1|0|0
0,0,0,1,0,0,1,1,1,2,2,-1,-1,1|3|-3.09
0,0,1,1,0,0,0,0,2,2,1,1,-1,1|3|-0.1390595
1,1,0,1,0,0,0,0,2,2,1,1,-1,1|4|-0.5537716
0,1,0,1,0,1,0,0,2,2,1,1,-1,1|0|-3
1,1,0,0,0,1,0,0,2,2,0,1,-1,0|3|-0.08790621
1,1,0,0,0,0,0,0,2,2,2,1,-1,-1|1|-0.01369567
0,1,1,0,0,1,0,0,2,2,0,1,-1,0|4|-0.08
0,1,1,0,0,1,1,0,2,2,0,1,-1,0|2|-2.93
0,0,0,0,0,1,1,0,1,0,2,1,0,1|4|-1.135748
0,0,0,0,0,1,1,1,1,0,2,1,0,1|3|-6.1491
0,1,0,0,0,0,0,0,2,0,0,-1,0,0|4|3.857248
1,1,1,0,0,0,0,1,2,2,2,-1,1,-1|4|-0.1592
1,1,0,0,0,0,0,1,2,2,2,-1,1,-1|4|-0.1592
1,1,0,0,0,0,1,1,2,2,2,-1,1,-1|1|0
0,0,0,0,0,1,1,0,2,2,2,-1,1,-1|3|-3.09
0,0,1,1,1,1,1,0,0,2,2,0,-1,1|0|0
0,0,0,1,1,1,1,0,0,0,2,0,0,1|2|0.06636911
1,0,0,0,0,0,0,1,2,1,0,-1,1,0|0|-0.002140622
0,0,0,0,0,0,0,1,2,1,2,1,-1,-1|3|-0.08720125
0,1,0,0,0,0,0,1,2,1,2,1,-1,-1|2|-2.93
0,1,0,0,0,0,0,1,2,1,1,-1,-1,-1|0|-0.02931455
0,0,1,0,0,0,0,1,2,1,1,-1,-1,-1|3|0.2056537
0,0,0,0,0,0,0,1,2,1,1,-1,-1,-1|0|-0.02222986
0,0,0,0,0,1,0,1,1,1,0,-1,-1,0|0|0.1571962
0,0,0,0,0,1,1,1,2,1,1,-1,-1,-1|4|-3.151841
0,0,1,1,0,0,0,0,0,2,2,0,-1,1|4|-0.1592
0,0,1,1,0,1,0,0,0,2,2,0,-1,1|1|0.002086
0,1,1,0,0,0,0,0,0,2,2,0,-1,1|3|-0.090893
0,0,1,0,0,1,0,0,2,0,1,-1,0,-1|3|-0.0615767
1,1,0,0,0,1,1,0,2,2,0,1,-1,0|3|-0.1726052
1,0,0,1,0,0,0,1,2,2,0,-1,-1,0|0|-3.006464
1,0,0,1,0,0,0,0,1,2,0,1,1,0|2|0.2059954
0,0,1,0,0,0,0,0,0,1,2,0,1,1|4|-3.1592
0,0,0,0,0,1,1,0,1,2,2,1,-1,1|0|0
0,0,0,1,0,0,1,1,1,2,2,1,-1,1|4|-0.08
0,0,0,1,0,0,0,1,1,2,2,1,-1,1|4|-0.406703
0,0,1,1,0,0,0,0,1,2,1,1,-1,-1|3|-0.1110419
0,0,0,0,0,0,0,0,1,2,1,1,-1,-1|1|-2.940364
0,0,0,1,0,0,1,1,1,2,0,-1,1,0|0|-5.97
1,0,0,0,0,0,1,1,0,1,2,0,-1,-1|2|1.143184
0,0,1,1,0,1,0,0,2,2,0,-1,-1,0|1|-0.003281418
0,1,0,0,0,0,0,0,2,2,2,-1,-1,-1|1|-0.00266855
1,0,0,0,0,0,1,1,2,2,0,-1,-1,0|0|-0.02903336
1,1,0,1,1,0,0,1,2,2,0,-1,-1,0|2|0.07723846
0,0,0,1,0,0,0,0,0,1,2,0,1,-1|0|-3
1,1,0,0,0,0,0,0,0,2,1,0,1,-1|1|-5.97
1,0,0,1,0,0,0,1,2,2,1,-1,-1,-1|3|-3.168023
1,0,0,0,0,0,0,1,0,2,2,0,-1,-1|3|-0.3573
1,1,0,0,0,0,0,1,0,2,2,0,-1,-1|0|-0.0007881076
1,0,0,1,0,0,0,1,1,2,1,1,1,1|3|-0.1713417
1,0,0,1,0,0,0,0,1,2,1,1,1,1|4|-0.476
1,1,0,1,0,0,0,0,1,2,1,1,1,1|2|0.06896212
0,0,0,0,0,0,0,1,0,1,2,0,1,1|3|-0.09
1,0,0,0,0,0,0,1,1,2,1,1,1,1|4|-1.0304
1,0,0,0,0,0,0,0,1,2,1,1,1,1|1|-3
1,1,0,0,0,0,0,0,1,1,1,1,-1,-1|1|0.003164385
0,0,1,0,0,0,0,1,2,1,1,-1,1,-1|0|0
0,0,1,0,0,1,1,1,2,1,1,-1,1,-1|3|-3.09
1,0,0,0,0,0,0,1,1,0,0,1,0,0|0|1.676858
0,0,1,0,0,0,0,1,0,1,0,0,-1,0|1|0.1607641
1,1,1,0,0,0,0,0,2,1,2,1,1,-1|4|-0.08001652
1,1,1,0,0,0,1,1,2,1,2,1,1,-1|0|-0.05702393
0,1,1,0,0,0,0,1,2,1,2,1,1,-1|2|-5.8307
0,0,0,0,0,1,1,1,0,0,1,0,0,-1|4|0.08465774
0,0,0,1,0,1,0,0,1,2,2,-1,1,-1|4|-0.1592
0,0,1,1,0,0,0,0,1,2,2,-1,1,-1|0|-3
0,0,1,1,0,1,0,0,0,2,0,0,-1,0|1|0.05298151
0,1,1,0,0,0,0,1,0,2,0,0,-1,0|1|-3
1,1,1,0,0,0,0,0,1,1,0,-1,1,0|0|0.2040493
0,0,0,0,0,1,1,0,1,0,1,-1,0,1|1|0.1183203
0,0,0,0,0,1,1,1,1,0,1,-1,0,1|0|0.0009103131
0,0,0,0,0,0,0,0,1,2,1,-1,-1,-1|4|-0.3968
0,0,0,1,1,0,0,0,1,2,1,-1,-1,-1|0|-6.653225E-05
0,0,0,1,1,0,0,0,1,0,1,-1,0,-1|0|0.007026637
1,1,1,0,0,1,1,1,0,0,0,0,0,0|2|-2.006608
0,0,1,1,1,0,0,0,2,0,1,1,0,-1|3|-0.08997881
0,1,0,0,0,0,0,0,2,2,2,1,1,1|1|-2.97
1,1,0,0,0,0,0,1,2,2,0,1,-1,0|2|-2.93
1,0,0,1,0,0,1,1,1,2,0,1,1,0|2|-2.890137
1,1,0,0,0,0,0,0,1,1,1,-1,1,1|4|-0.08
1,0,0,0,0,0,0,0,1,1,1,-1,1,1|1|-0.001589372
0,0,0,0,0,0,1,1,0,1,1,0,-1,1|1|0.2830504
1,0,0,0,0,0,0,1,2,0,1,1,0,-1|2|0.6581116
1,1,0,0,0,0,0,1,2,0,1,1,0,-1|2|-5.8307
1,1,1,0,0,0,0,0,2,1,1,-1,1,-1|1|-0.1015705
1,1,0,0,0,0,0,0,1,1,0,1,-1,0|4|0.243581
0,0,1,0,0,1,0,0,1,0,0,1,0,0|4|-0.3954971
0,0,0,0,0,0,0,1,1,1,2,-1,-1,-1|1|-0.02798216
0,0,0,0,0,0,1,1,1,1,2,-1,-1,-1|2|0.09585026
1,1,0,1,0,0,0,1,2,2,1,-1,-1,1|3|-0.1575548
1,0,0,0,0,0,0,1,2,2,1,-1,-1,1|0|0
1,0,0,0,0,0,0,0,1,0,0,1,0,0|1|0.7820089
0,0,0,1,0,0,0,1,0,2,1,0,-1,1|2|0.1011548
0,0,1,0,0,0,1,0,0,0,2,0,0,-1|0|0.02619315
0,1,1,0,0,0,1,1,0,2,0,0,-1,0|1|-3
1,1,0,0,0,0,0,0,2,1,1,1,1,-1|3|-0.03130651
0,1,1,0,0,0,0,1,2,1,1,1,1,-1|1|-0.1692729
0,0,1,0,0,0,0,1,2,1,1,1,1,-1|2|0.07
0,0,1,0,0,0,0,0,1,2,1,-1,1,1|3|-0.13411
0,0,0,1,0,0,0,0,2,1,1,1,1,-1|2|0.0703069
1,1,0,0,0,1,0,0,1,2,1,-1,1,1|1|-3
0,0,0,1,1,0,0,0,1,2,1,-1,-1,1|3|-0.09704269
1,0,0,0,0,0,1,0,2,1,2,-1,1,-1|4|-0.476
1,0,0,0,0,1,0,0,2,1,2,-1,1,-1|1|2.879785E-05
0,0,1,0,0,0,0,0,1,2,1,-1,-1,1|3|-0.08051515
0,0,1,0,0,0,0,0,2,2,1,-1,-1,1|3|-0.2523969
1,1,0,0,0,0,0,0,2,1,2,-1,1,-1|2|-5.8307
0,0,1,0,0,0,0,1,2,1,1,-1,-1,1|0|0.02229791
0,0,0,1,0,1,0,0,0,2,1,0,-1,-1|3|-0.6729977
0,0,0,0,0,0,0,1,1,0,2,-1,0,-1|2|0.549953
0,0,1,1,0,0,0,0,1,2,0,1,1,0|1|-0.1164818
1,0,0,0,0,0,0,0,1,0,0,1,0,0|0|0.8820621
1,0,0,0,0,0,0,0,2,2,1,1,1,-1|4|-0.319984
1,0,0,0,0,0,0,0,2,2,2,1,1,1|3|-0.2982
1,1,1,0,0,0,0,0,0,2,2,0,1,1|0|-0.0597
1,0,1,0,0,0,0,0,0,1,1,0,1,-1|2|1.085794
1,0,0,0,0,1,0,1,0,0,0,0,0,0|3|0.8431659
1,0,0,0,0,1,0,1,0,0,0,0,0,0|1|1.776894
0,0,0,0,0,0,0,0,0,0,2,0,0,-1|1|0.04988448
0,1,1,0,0,0,0,0,1,0,0,1,0,0|2|-2.93
1,1,1,0,0,0,0,0,2,1,1,-1,1,-1|0|-3.000618
0,0,0,0,0,1,0,0,2,0,2,1,0,1|1|0.004982257
1,0,0,0,0,0,0,0,0,2,0,0,1,0|0|-0.4580345
0,0,0,0,0,0,1,0,2,0,2,1,0,1|1|1.834214E-05
0,0,0,0,0,0,1,1,2,0,2,1,0,1|2|0.06743208
1,1,1,0,0,0,0,0,2,1,2,1,1,1|4|-2.161239
0,1,1,0,0,0,0,0,2,1,2,1,1,1|1|-0.005894441
1,1,1,0,0,0,0,1,2,1,2,1,1,1|0|0
0,1,1,0,0,1,0,0,2,1,2,1,1,1|1|-0.04404787
0,1,1,0,0,1,1,1,2,1,2,1,1,1|1|0
0,0,0,0,0,1,1,1,2,1,2,1,1,1|1|0
0,0,0,0,0,0,1,1,2,1,2,1,1,1|1|0
1,0,0,0,0,0,0,0,2,1,2,1,1,1|2|0.07415793
0,0,0,1,0,1,0,0,1,2,1,1,1,1|2|0.01056259
0,0,0,0,0,1,0,0,1,1,2,-1,1,1|1|-0.05884304
1,1,0,0,0,0,0,0,2,1,1,-1,1,-1|2|-2.93
1,1,1,1,0,0,1,1,2,2,0,1,1,0|2|-2.93
1,0,0,0,0,0,0,0,0,1,1,0,1,1|0|0.0791079
1,1,0,0,0,1,0,0,1,1,1,-1,-1,1|2|-2.93
0,1,1,0,0,0,0,0,1,0,0,1,0,0|0|0.8953809
1,0,0,0,0,0,0,0,1,0,0,1,0,0|4|1.111557
0,0,0,0,0,0,0,1,2,1,1,1,-1,1|0|0
1,0,0,0,0,0,0,0,2,1,1,1,-1,1|4|-0.1690336
1,1,1,1,0,0,0,1,2,2,1,1,1,1|3|-0.1884527
1,0,0,0,0,1,1,0,0,0,2,0,0,-1|4|-0.476
1,0,0,0,0,1,0,0,0,0,2,0,0,-1|4|-0.5552
1,0,0,0,0,0,0,0,0,0,2,0,0,-1|0|0.006694173
0,0,1,0,0,1,1,0,0,0,2,0,0,-1|0|2.132031E-05
1,0,0,1,0,0,0,1,1,2,1,1,-1,1|0|-3
0,0,1,1,0,1,0,0,0,2,2,0,1,1|1|0.002779
1,1,0,0,0,0,0,1,0,2,2,0,1,1|3|-0.0909
1,1,0,0,0,0,0,1,1,1,1,-1,-1,1|0|0.7352144
0,0,0,0,0,1,1,1,2,1,1,1,-1,-1|1|0.008530688
1,1,0,0,0,0,0,0,1,2,1,-1,1,-1|2|-2.93
0,0,0,1,0,0,0,1,1,2,1,-1,1,1|0|-5.97
0,0,0,0,0,0,1,1,0,1,2,0,-1,1|0|-0.0157059
0,0,0,0,0,1,1,0,0,2,2,0,1,-1|4|-0.1692803
0,0,1,0,0,0,0,0,2,0,2,-1,0,1|4|-0.08
0,1,0,0,0,0,0,0,2,0,2,-1,0,1|2|-2.93
1,1,1,1,0,0,0,0,2,2,1,-1,-1,-1|2|-5.8307
1,1,0,0,0,0,0,0,2,1,1,1,1,1|1|-0.08731927
0,0,0,0,0,0,0,1,2,1,2,1,1,-1|1|-0.061491
0,0,0,1,0,1,0,0,2,2,0,-1,-1,0|0|-3
1,0,0,1,0,0,0,1,1,2,1,-1,-1,1|4|-0.1922008
0,1,1,0,0,0,0,0,1,1,2,1,-1,-1|2|-2.93
0,0,1,0,0,0,0,1,1,0,0,1,0,0|2|0.3608829
1,1,0,0,0,0,0,1,1,1,1,-1,1,1|4|-0.08001605
0,0,0,0,0,0,0,1,1,1,1,-1,1,1|3|0.001939424
1,1,0,0,0,0,0,0,0,2,1,0,1,1|3|-0.08676737
1,0,0,1,0,0,0,1,0,2,1,0,1,1|3|-0.1626974
0,0,0,1,0,0,0,1,0,2,1,0,1,1|1|0.007611187
0,0,0,0,0,0,1,1,0,2,1,0,1,1|3|-3.09
0,0,0,0,0,0,0,1,0,2,1,0,1,-1|1|-3
1,0,0,0,0,1,0,0,2,1,2,-1,-1,1|4|-3.507442
0,1,1,1,0,0,0,0,1,2,0,-1,1,0|1|-0.4456266
0,1,1,1,0,0,0,0,2,2,1,1,-1,-1|3|-0.1450815
0,0,1,1,0,0,0,0,2,2,1,1,-1,-1|0|-3
1,1,0,0,0,0,0,0,2,1,1,1,-1,1|0|0.0002725457
0,0,1,0,0,1,1,0,2,1,1,1,-1,1|4|-0.071413
0,0,1,0,0,0,0,1,0,2,2,0,1,1|4|-0.3176
0,1,1,0,0,0,0,1,0,2,2,0,1,1|2|0.03982354
1,0,0,0,0,0,0,0,2,1,0,-1,-1,0|4|-0.06157633
0,0,1,0,0,0,1,1,2,2,1,-1,-1,-1|2|0.228988
1,1,1,0,0,0,0,0,2,0,2,1,0,-1|2|-2.93
0,1,0,0,0,0,0,1,2,0,1,-1,0,-1|0|-3.005565E-05
1,0,0,0,0,1,1,0,2,0,1,-1,0,-1|4|-0.0809
0,0,0,0,0,1,1,0,0,1,1,0,-1,-1|3|0.06725828
0,0,0,1,0,1,1,0,1,1,1,-1,-1,-1|3|-3.022514
0,0,0,0,0,0,1,0,1,2,2,1,-1,-1|2|0.1393
0,1,0,0,0,0,0,0,2,1,2,1,1,-1|1|-0.0008397545
1,0,0,0,0,0,0,1,2,1,2,1,1,-1|1|0
0,0,1,0,0,0,1,1,2,1,2,1,1,-1|4|-0.1717761
0,1,1,0,0,0,0,0,1,1,0,1,1,0|4|0.03985395
1,1,0,0,0,1,0,0,2,1,1,1,1,1|2|-2.93
0,1,1,0,0,0,0,1,2,1,2,-1,-1,-1|2|-2.93
0,0,0,1,0,1,0,0,1,2,2,1,-1,-1|4|-0.314665
0,0,0,0,0,1,1,0,0,0,2,0,0,1|2|0.09559616
0,1,1,0,0,0,0,1,1,2,1,1,-1,1|4|-0.07922777
1,0,0,0,0,0,1,1,0,2,1,0,-1,1|0|-0.118212
0,0,1,0,0,0,0,1,2,0,1,-1,0,1|4|-0.2384
0,0,1,0,0,0,0,0,2,0,1,-1,0,1|3|0.6896748
0,1,1,0,0,0,0,0,2,0,1,-1,0,1|0|0.01701619
1,0,0,0,0,1,0,0,2,1,2,-1,-1,1|2|0.0407
1,1,1,0,0,0,0,0,1,0,2,1,0,-1|3|-0.09053258
0,0,1,0,0,0,0,1,2,0,1,1,0,1|4|-0.2113291
0,1,0,0,0,0,1,1,2,0,1,1,0,1|4|-0.0713302
0,1,0,0,0,1,1,0,2,0,1,1,0,1|2|-5.8307
0,0,1,1,0,0,1,1,2,2,1,1,1,1|1|0
0,1,1,0,0,0,0,1,2,2,2,1,1,1|4|-0.24
0,1,1,0,0,0,0,1,2,2,2,1,1,1|2|-2.93
0,1,1,0,0,0,0,1,1,1,0,1,-1,0|3|-0.08245382
0,0,1,0,0,0,0,1,1,1,0,1,-1,0|4|-0.7630981
0,1,1,0,0,0,0,0,1,2,2,1,1,-1|0|0
0,0,1,0,0,0,0,0,1,2,2,1,1,-1|0|-0.05999112
0,0,1,0,0,0,0,1,1,2,2,1,1,-1|0|0
0,0,0,1,0,1,0,0,1,2,2,1,1,-1|4|-0.11
0,0,0,0,0,0,0,1,0,1,1,0,1,1|4|-0.3577503
0,0,0,1,0,0,0,1,1,2,1,1,-1,1|2|0.07
1,0,0,0,0,1,0,0,2,1,2,1,1,-1|2|0.07
1,1,1,0,0,0,0,0,0,2,1,0,1,1|3|0.5648024
0,0,1,0,0,0,0,0,2,0,2,-1,0,-1|2|-0.0459322
1,1,1,0,0,0,0,1,2,1,2,-1,-1,-1|2|-2.93
0,0,0,0,0,0,0,0,2,1,1,1,1,-1|3|-0.4328563
1,0,0,0,0,0,1,1,2,1,1,1,1,-1|2|0.07
0,1,0,1,0,0,0,0,2,2,1,1,1,1|0|-3
1,0,0,0,0,0,0,1,1,0,2,1,0,-1|4|-0.3185
1,1,1,0,0,0,0,1,1,0,2,1,0,-1|3|-0.09
0,0,0,1,1,1,1,0,0,2,2,0,-1,-1|4|-0.1104794
0,0,0,1,0,0,0,0,0,1,0,0,-1,0|3|-0.02464634
1,0,0,0,0,0,0,0,2,0,1,1,0,-1|0|0.0001763211
1,1,0,0,0,1,0,0,1,2,2,-1,1,1|2|0.07
0,0,0,0,0,0,0,0,2,1,2,-1,-1,1|2|0.1396358
0,0,0,0,0,1,0,0,0,2,1,0,-1,-1|3|-0.0893
0,0,0,0,0,1,1,0,2,2,1,-1,-1,-1|0|-5.413348E-06
0,0,1,0,0,1,0,0,2,2,2,1,-1,1|1|-3
1,1,0,1,0,0,0,0,1,2,0,-1,-1,0|3|-0.02855024
0,0,0,1,0,0,0,0,1,1,2,1,-1,-1|0|0.001561737
1,1,1,0,0,1,0,1,2,1,0,-1,-1,0|1|0.0415887
1,1,0,0,0,1,0,1,2,1,0,-1,-1,0|1|0.002194795
1,0,0,1,0,0,0,1,2,2,1,1,-1,-1|2|0.07207016
0,0,1,1,0,1,0,0,1,2,2,1,1,1|4|-0.3169
0,0,0,0,0,0,0,1,1,1,2,1,1,1|0|-0.001415528
1,1,1,0,0,0,0,0,1,2,2,1,-1,-1|0|0
0,0,1,0,0,0,0,0,1,2,2,1,-1,-1|4|-0.1592
0,0,1,1,1,1,1,0,1,0,2,1,0,-1|0|-0.005052544
0,0,0,1,0,0,0,0,2,2,2,-1,1,1|4|-0.2384
0,0,1,1,0,0,0,0,2,2,2,-1,1,1|1|-0.03
1,1,1,0,0,0,0,1,2,2,1,-1,1,-1|1|-3
1,1,1,0,0,0,0,0,2,2,2,-1,-1,-1|1|-3
1,0,0,1,0,1,0,0,2,2,2,-1,-1,1|3|-0.07502451
0,0,1,0,0,0,0,0,0,1,2,0,1,-1|0|0
0,0,1,0,0,0,0,1,0,1,2,0,1,-1|3|-0.2069996
1,1,1,0,0,1,1,0,1,0,2,-1,0,-1|2|-2.957902
1,0,0,0,0,0,0,0,1,1,0,-1,1,0|4|-0.303329
0,0,0,0,0,1,1,0,1,1,1,-1,-1,1|0|0.1564404
1,0,0,1,0,0,0,0,1,2,1,1,-1,1|3|-0.06247175
1,1,1,0,0,0,0,0,1,0,1,1,0,-1|3|0.1997414
1,1,0,0,0,0,0,1,2,2,1,1,-1,1|2|-2.93
0,0,1,0,0,0,0,0,2,0,0,1,0,0|0|0.0219205
0,0,1,0,0,1,1,0,2,2,0,1,1,0|3|-0.08479678
0,0,1,0,0,1,0,0,0,2,0,0,1,0|2|0.07
0,0,0,0,0,1,0,0,2,2,0,1,1,0|3|-0.1668231
1,0,0,1,0,1,1,0,2,2,0,1,1,0|2|0.07
1,0,0,1,0,1,0,0,0,2,0,0,1,0|4|-0.08
1,0,0,1,0,1,0,0,2,2,0,1,1,0|2|0.07
0,1,1,1,0,1,0,0,1,2,0,1,1,0|1|0
0,0,0,1,0,1,0,0,1,2,0,1,1,0|3|0.1352909
1,1,0,0,0,1,1,1,2,1,1,-1,-1,-1|1|-0.001354062
1,0,0,0,0,0,0,0,1,0,1,-1,0,1|3|-0.05590376
0,0,1,0,0,1,0,0,1,1,2,1,-1,1|1|0.03602201
0,1,1,1,0,0,0,1,2,2,0,1,1,0|1|0
1,1,0,0,0,0,0,0,2,2,2,1,1,1|4|-1.0304
1,1,0,0,0,1,1,0,2,2,0,1,1,0|4|-0.1600027
1,0,0,0,0,0,0,0,0,2,2,0,1,-1|2|0.07776887
0,1,1,1,0,1,0,0,2,2,2,1,1,1|4|-0.08
0,1,1,1,0,1,1,0,2,2,0,1,1,0|2|-2.93
1,0,0,0,0,0,0,0,1,0,2,-1,0,1|0|0.00890715
1,1,0,0,0,1,0,0,1,0,2,-1,0,1|1|0.004283573
0,0,0,0,0,0,1,0,1,0,2,-1,0,1|2|0.04878709
1,1,0,1,0,1,0,0,2,2,0,1,-1,0|2|-5.8307
0,0,0,0,0,0,1,1,1,1,2,1,1,1|0|0
0,0,0,0,0,0,1,0,1,1,2,1,1,1|2|0.1397639
0,1,1,0,0,0,0,0,2,2,0,-1,1,0|1|-2.207579E-05
0,0,1,0,0,0,0,1,2,1,0,-1,-1,0|4|-0.319984
0,1,1,0,0,0,0,1,2,1,0,-1,-1,0|4|-0.7944126
0,1,0,0,0,0,0,1,2,1,0,-1,-1,0|4|-0.398365
0,1,0,0,0,1,0,0,2,1,0,-1,-1,0|2|-2.93
0,0,0,1,0,0,0,1,1,2,1,-1,-1,1|0|-5.97096
1,1,1,1,0,0,0,0,1,2,0,1,1,0|2|-2.93
0,1,0,1,0,0,0,0,2,2,2,-1,-1,-1|4|-2.456
1,1,0,1,0,0,0,0,2,2,2,-1,-1,-1|3|-0.2020188
1,1,0,0,0,0,0,0,2,2,2,-1,-1,-1|1|0
1,0,0,0,0,0,0,1,2,2,2,-1,-1,-1|1|-3
0,0,0,0,0,0,0,1,2,0,1,1,0,-1|3|0.08452473
0,1,1,0,0,1,0,0,2,0,1,1,0,-1|0|0.233238
0,0,0,0,0,0,0,0,2,0,1,-1,0,-1|3|-3.09
0,0,0,0,0,1,0,0,2,2,2,1,1,-1|0|0
1,0,0,1,0,0,1,0,2,2,2,1,1,-1|2|0.054152
0,1,1,0,0,0,0,1,2,1,1,1,-1,-1|3|0.1471909
1,1,0,0,0,0,0,1,0,2,1,0,1,-1|0|0
1,0,0,1,0,0,0,1,2,2,1,1,1,-1|3|-0.09622043
1,0,0,0,0,1,1,1,2,1,1,1,-1,-1|4|-0.08
1,0,0,0,0,1,0,0,2,1,1,1,-1,-1|4|-0.158509
0,0,0,0,0,0,1,1,0,0,2,0,0,1|4|-0.009758763
0,0,0,0,0,1,0,0,0,0,2,0,0,1|0|0.02120804
0,0,0,0,0,1,1,0,2,1,1,-1,-1,-1|0|-0.04298265
0,0,0,0,0,0,0,0,2,1,1,-1,-1,-1|0|-0.0008791893
0,1,0,1,0,0,0,0,2,2,1,1,-1,1|3|-0.07795662
1,1,0,0,0,0,0,0,2,2,1,1,-1,1|3|-0.2719699
0,0,1,0,0,0,0,1,2,2,1,1,-1,1|1|-3
0,1,1,0,0,0,0,1,2,2,0,-1,-1,0|1|-3
0,0,0,0,0,0,0,0,0,2,0,0,-1,0|2|2.026197
1,1,1,0,0,1,0,0,2,1,2,1,1,1|4|-0.08001576
1,1,0,0,0,0,0,0,2,1,2,1,1,1|0|-0.0001696284
0,0,0,0,0,1,0,0,2,1,2,1,1,1|4|-0.08
1,0,0,1,0,1,0,0,1,1,1,-1,1,1|2|0.11237
0,0,0,0,0,1,0,0,0,1,1,0,1,-1|0|0
0,0,0,0,0,1,1,0,0,1,1,0,1,-1|4|-0.008454952
0,0,1,0,0,1,1,0,2,0,2,-1,0,-1|4|-0.08
0,0,1,0,0,0,1,0,2,0,2,-1,0,-1|3|-3.09
1,1,1,0,0,1,0,0,2,1,2,1,-1,1|4|-0.3968
1,1,1,0,0,1,1,1,2,1,2,1,-1,1|2|-2.93
0,0,0,1,0,0,1,0,0,2,2,0,-1,1|3|-0.09000016
1,0,0,0,0,0,0,0,2,2,1,-1,1,-1|2|0.139294
0,0,0,1,0,0,0,1,0,2,2,0,-1,1|1|-0.0005960909
0,0,0,1,0,0,0,0,0,2,2,0,-1,1|3|-0.09004113
0,0,1,0,0,0,0,0,1,1,1,-1,1,-1|4|-0.1592
1,1,1,0,0,0,0,0,1,1,1,-1,1,-1|3|-0.01435907
1,1,0,0,0,0,0,1,1,1,1,-1,1,-1|4|-0.08
0,0,0,0,0,0,0,1,1,1,1,-1,1,-1|1|0.040891
1,0,0,0,0,1,1,0,2,2,0,1,-1,0|4|-0.08082967
0,1,1,0,0,1,0,0,1,1,2,1,-1,1|2|0.08958528
1,1,1,0,0,1,1,1,2,0,1,1,0,1|2|-2.93
0,0,1,1,0,0,0,1,1,2,1,1,-1,-1|0|-3
1,1,1,0,0,0,0,1,2,0,2,-1,0,-1|3|-0.1586296
1,1,1,0,0,0,1,1,2,0,2,-1,0,-1|1|-0.007717883
0,1,1,0,0,0,0,0,1,0,2,-1,0,1|3|-0.1751207
0,0,1,0,0,1,1,0,2,2,2,1,1,-1|0|0
0,0,1,1,0,0,1,1,0,2,2,0,1,-1|2|0.07
0,0,1,0,0,1,0,0,1,0,2,-1,0,1|3|-0.09
0,0,1,1,0,0,1,0,0,2,2,0,1,-1|4|-0.08
0,0,1,1,0,1,1,0,0,2,2,0,1,-1|2|0.7910029
1,1,0,0,0,0,1,1,1,0,2,-1,0,1|4|-0.08
1,0,0,0,0,0,0,1,1,0,2,-1,0,1|4|-0.7121596
1,1,1,0,0,1,1,1,1,0,2,-1,0,1|0|0.150901
0,0,0,0,0,0,0,0,1,0,2,-1,0,1|2|0.6705251
0,0,0,1,0,0,0,0,2,1,1,-1,-1,1|0|-3
0,0,0,1,1,1,1,0,1,0,2,-1,0,-1|0|-0.0008
0,0,0,0,0,0,1,1,1,2,2,-1,-1,-1|1|-3
0,0,0,0,0,0,0,1,2,0,2,1,0,-1|3|-0.239143
0,0,0,0,0,1,0,0,2,2,0,-1,-1,0|2|0.07
0,0,1,1,0,0,0,0,1,2,2,1,-1,-1|0|-3
0,0,0,0,0,0,0,0,2,1,1,-1,-1,-1|4|-0.08000004
0,0,1,0,0,0,0,0,2,2,1,-1,1,1|1|-3
0,1,1,0,0,0,0,0,2,2,1,-1,-1,1|3|-0.088607
0,1,1,0,0,1,0,0,2,2,1,-1,-1,1|1|-3
0,1,0,1,0,1,0,0,2,2,2,1,1,1|3|-0.7136999
0,1,0,1,0,1,1,0,2,2,0,1,1,0|1|0
1,0,0,0,0,1,0,0,2,2,0,1,1,0|0|0
0,1,0,1,0,1,0,0,2,2,0,1,1,0|1|0
1,0,0,0,0,0,0,1,2,2,0,1,1,0|0|0
1,0,0,0,0,0,0,1,2,2,0,1,1,0|2|0.3253772
1,0,0,1,0,0,0,0,1,2,2,-1,1,1|3|-0.09479199
1,1,1,0,0,1,1,0,2,0,1,1,0,-1|1|0.002210455
0,0,1,0,0,0,0,0,2,2,0,1,1,0|0|-0.118212
0,0,0,0,0,0,0,0,1,1,0,1,-1,0|4|0.003470707
0,0,0,0,0,1,0,1,1,2,0,1,1,0|4|-0.5313422
0,1,0,0,0,0,0,1,2,2,2,-1,1,-1|4|-0.2384
1,0,0,0,0,0,0,1,2,2,2,-1,1,-1|0|0
0,0,1,0,0,0,0,0,2,2,2,-1,1,-1|2|0.1393
0,0,0,0,0,0,0,0,2,2,2,1,-1,1|3|-0.0893
1,1,0,0,0,0,0,0,2,2,2,1,-1,1|0|0
1,1,0,1,1,1,1,0,2,2,2,1,-1,1|3|-3.09
0,0,1,1,0,1,0,0,1,2,2,-1,1,-1|2|0.05397978
0,1,1,1,0,0,0,0,1,2,2,-1,1,-1|1|0
0,0,1,0,0,0,0,1,2,2,2,1,1,-1|4|-0.141491
1,0,0,0,0,0,0,1,1,1,1,-1,-1,1|3|0.001173449
1,1,1,0,0,0,1,0,2,0,2,-1,0,-1|0|-0.0008263753
1,1,0,0,0,0,0,0,2,0,2,-1,0,-1|3|-0.2018609
1,0,0,0,0,0,0,1,2,0,2,-1,0,-1|0|0
1,1,0,0,0,1,0,0,2,0,2,-1,0,-1|0|-0.001013577
0,0,0,0,0,0,1,0,2,0,2,-1,0,-1|4|-0.1595468
0,1,0,0,0,0,0,0,2,0,2,-1,0,-1|3|-0.07511671
0,0,1,0,0,0,1,1,2,1,2,-1,1,-1|2|0.1766191
1,0,0,0,0,0,0,1,2,2,2,1,1,1|4|-0.711224
0,0,0,0,0,0,0,1,0,2,0,0,1,0|2|0.2275884
0,0,0,0,0,1,1,1,2,2,0,1,1,0|4|-3.08
1,0,0,0,0,0,0,1,2,1,1,-1,1,-1|1|0.01556609
1,0,0,0,0,1,1,0,2,0,1,1,0,-1|1|0.01827399
1,0,0,0,0,0,0,0,2,2,1,1,1,-1|0|0
1,1,0,0,0,0,0,0,2,2,1,1,1,-1|0|0
1,1,0,1,0,0,0,0,2,2,1,1,1,-1|3|-0.5425318
1,1,0,1,0,0,0,1,2,2,1,1,1,-1|1|-0.003176
1,0,0,0,0,1,1,0,2,2,1,1,1,-1|4|-0.08
1,0,0,0,0,1,0,0,2,2,1,1,1,-1|0|0
1,1,0,1,0,1,0,0,2,2,2,1,1,1|0|-3
0,0,1,0,0,1,1,1,2,1,2,-1,1,-1|4|-0.08
0,1,1,0,0,1,1,1,2,1,2,-1,1,-1|4|-0.3176
0,1,0,0,0,1,1,0,2,1,2,-1,1,-1|4|-0.1592
1,1,0,0,0,1,1,0,2,1,2,-1,1,-1|2|-2.93
0,1,1,0,0,0,0,0,1,0,0,1,0,0|4|-0.00283062
1,1,1,0,0,0,0,1,2,1,1,1,1,1|3|0.1174374
0,0,0,0,0,0,0,0,0,0,2,0,0,-1|3|-0.2655897
1,0,0,0,0,0,0,1,1,0,1,1,0,1|2|0.3104314
0,0,0,0,0,1,1,0,1,0,1,1,0,1|1|-0.1082036
0,0,0,0,0,1,1,1,1,0,1,1,0,1|4|0.6647424
0,0,0,0,0,0,1,1,1,0,1,1,0,1|1|0.7326538
1,0,0,0,0,0,0,0,0,1,2,0,1,1|2|0.07003865
0,0,0,0,0,0,0,0,0,1,2,0,1,1|3|-0.1770229
0,0,0,1,0,0,0,0,2,2,1,-1,-1,-1|2|0.07458862
0,0,0,0,0,0,0,1,2,1,1,-1,1,1|4|-0.3014896
0,0,1,0,0,0,0,0,1,2,1,1,-1,1|1|-3
0,0,1,1,0,0,1,1,0,2,1,0,-1,1|3|-3.09
1,0,0,1,0,0,0,1,1,2,0,-1,1,0|2|0.07
1,0,0,1,0,1,0,0,1,1,2,-1,-1,1|0|0
0,0,0,0,0,1,1,0,1,1,2,-1,-1,1|1|0
1,0,0,0,0,1,0,0,1,1,2,-1,-1,1|3|-0.099512
0,0,0,1,0,1,0,0,0,2,0,0,1,0|1|-2.853451
1,1,1,0,0,0,0,0,1,0,0,1,0,0|2|0.1607483
1,1,0,0,0,0,0,1,2,1,1,1,-1,1|3|-0.07769112
0,0,1,1,0,1,0,0,1,2,2,-1,1,1|3|-0.09
0,0,0,1,0,0,0,0,2,2,1,1,1,1|0|-3
0,0,0,0,0,0,1,1,0,2,2,0,-1,1|1|-3
0,0,0,0,0,0,0,1,2,2,2,1,1,-1|4|-0.2384
0,0,0,0,0,0,1,1,2,2,2,1,1,-1|3|-3.09
0,0,0,1,0,0,0,0,1,2,1,-1,1,1|0|-3
0,0,0,0,0,1,0,0,0,2,2,0,1,1|2|0.07004397
1,1,0,0,0,0,0,0,2,0,2,-1,0,1|0|0.005669583
1,1,0,0,0,0,1,1,2,0,2,-1,0,-1|0|0
1,1,0,0,0,0,0,1,2,0,2,-1,0,-1|1|0
1,0,0,0,0,0,1,0,2,0,2,-1,0,-1|3|-3.09
1,0,0,0,0,0,0,1,1,2,2,-1,1,1|1|-3
0,0,0,1,0,1,0,0,1,1,1,1,-1,-1|4|-0.1224016
0,1,1,1,0,0,0,1,2,1,1,1,1,-1|2|-2.93
0,1,1,0,0,0,0,1,1,0,0,1,0,0|4|-0.07731853
0,0,0,0,0,0,0,1,1,2,1,-1,-1,1|1|-3
0,0,0,1,0,1,1,0,1,2,1,1,-1,-1|4|-0.3968
0,0,0,1,0,1,0,0,1,2,1,1,-1,-1|1|-0.03
0,0,1,0,0,0,0,0,1,2,1,1,-1,-1|1|-0.006365808
0,1,1,0,0,0,0,0,1,2,1,1,-1,-1|0|-0.0297
0,1,1,0,0,0,0,1,1,2,1,1,-1,-1|2|0.08068112
1,0,0,0,0,0,0,0,1,2,1,-1,-1,1|2|0.07
1,1,0,0,0,0,0,1,2,1,2,-1,-1,-1|2|-2.93
0,0,1,0,0,0,0,1,1,0,1,1,0,-1|2|0.1613867
1,0,0,1,0,0,0,1,2,2,1,1,1,1|1|-0.007920079
0,0,0,0,0,0,1,1,2,2,1,1,1,1|3|-3.09
0,0,0,1,0,0,0,1,1,2,1,1,1,1|4|-0.7927999
0,0,0,1,0,0,0,0,1,2,1,1,1,1|2|0.0707
0,0,0,0,0,1,1,0,0,1,2,0,1,1|2|0.07768544
1,0,0,0,0,0,0,0,1,2,0,1,-1,0|3|-0.08212449
0,0,0,1,0,0,1,0,0,1,2,0,1,1|0|-3
