4
2
3
2
8
1
4
1
9
4
2
2
1
1
11
5
6
2
5
5
6
4
3
2
5
1
1
7
1
9
7
2
10
3
2
8
5
3
6
12
2
7
28
5
2
1
7
5
1
8
1
1
4
3
5
1
2
1
5
4
6
10
1
1
9
7
1
5
1
2
2
3
2
1
3
1
1
2
15
2
6
5
1
6
2
3
2
1
1
3
5
2
3
6
1
3
19
3
18
7
14
4
1
1
3
5
2
4
4
1
2
2
2
5
2
3
2
8
3
8
10
13
4
11
7
2
4
6
3
12
17
3
2
5
1
1
6
2
6
2
1
4
3
6
2
2
3
1
12
2
1
2
5
7
14
5
4
1
16
2
5
4
2
9
2
14
2
1
25
5
15
9
3
11
8
2
11
7
2
7
2
2
1
2
9
2
6
1
10
8
1
1
1
8
5
4
6
4
14
9
1
6
2
6
8
13
9
6
15
2
10
2
4
8
16
6
10
7
5
3
7
4
1
5
3
9
3
2
5
1
10
2
13
2
3
8
2
1
2
2
2
1
1
2
3
4
15
7
4
9
2
2
7
5
18
4
7
13
5
5
7
21
4
2
5
7
21
5
2
7
4
4
11
1
9
3
2
3
3
3
5
8
11
4
10
22
2
3
14
6
9
5
1
16
10
2
4
5
9
1
4
9
10
12
4
8
3
5
18
3
5
4
8
9
3
4
12
13
2
4
2
2
15
5
4
5
1
3
2
4
7
6
5
2
5
8
3
10
4
1
3
3
8
1
2
1
6
10
2
7
7
14
17
8
3
7
3
4
5
4
6
11
7
5
2
16
4
2
2
7
3
3
4
6
2
1
5
13
7
2
29
8
8
9
1
13
5
6
11
5
4
1
5
3
6
2
4
2
4
1
5
2
9
6
7
4
1
13
10
13
11
6
2
1
1
2
4
5
3
7
4
7
3
2
2
11
9
4
13
4
9
2
2
8
8
3
4
2
2
8
3
16
10
12
17
2
23
7
2
6
3
7
2
13
3
3
24
7
3
7
5
5
9
15
2
6
3
9
12
9
15
2
4
9
8
11
7
4
6
9
4
3
10
5
6
9
8
10
7
2
2
2
12
2
9
9
14
8
10
6
25
20
6
3
6
8
3
11
1
2
9
4
10
9
4
5
12
6
7
9
3
5
8
6
13
4
2
2
12
10
3
2
2
5
3
8
3
3
3
22
11
2
3
5
3
6
3
11
2
4
6
8
11
12
4
24
7
10
4
2
6
13
6
11
5
5
23
3
4
4
3
21
11
7
2
55
10
3
33
9
6
6
7
17
1
2
25
6
3
3
17
3
7
11
7
5
7
7
2
12
26
10
2
1
12
6
42
3
3
2
1
10
4
6
2
4
10
3
7
11
6
2
2
1
6
1
4
12
6
10
4
3
7
2
1
5
2
11
2
4
2
3
1
3
17
6
2
10
10
5
2
4
5
5
1
8
2
10
4
6
3
3
4
7
3
2
11
3
3
2
7
6
1
4
1
3
3
2
2
6
9
1
1
3
2
12
4
9
2
8
1
3
10
9
5
10
3
4
1
1
5
4
1
3
5
3
2
3
13
1
6
9
2
12
15
13
11
4
10
18
16
6
7
4
1
5
1
13
2
12
11
3
3
2
1
0
7
15
3
5
2
6
7
3
4
10
1
6
2
5
2
5
10
2
3
11
1
10
7
3
7
2
9
3
12
8
8
6
18
1
19
2
4
13
10
4
7
5
2
3
1
8
22
27
2
4
2
3
6
6
7
4
2
8
4
4
5
48
4
7
6
11
9
2
6
6
11
6
1
38
8
10
6
13
5
2
3
4
12
7
3
2
6
3
17
1
11
2
5
8
2
7
21
8
1
3
1
3
3
3
12
5
11
3
10
4
3
17
14
2
6
16
1
2
6
14
1
10
7
5
9
9
4
4
1
2
5
8
10
3
3
9
5
2
3
7
2
2
10
5
8
6
6
11
3
3
11
1
17
4
2
2
2
18
3
5
7
7
3
8
7
5
4
5
2
2
25
1
8
8
5
7
4
14
11
4
17
2
16
4
7
1
23
9
3
4
9
5
7
9
3
2
6
21
5
1000000
4
7
14
4
6
3
7
1
6
3
15
5
6
3
2
2
5
7
2
17
14
5
6
20
2
2
13
4
2
2
12
8
9
5
7
5
6
2
2
3
4
10
2
15
7
8
3
4
4
4
2
4
7
10
4
5
3
1
34
2
2
2
7
7
3
2
7
5
3
12
8
2
4
3
2
2
3
4
2
4
5
1
9
3
8
4
13
7
3
2
4
2
8
17
29
7
4
1
2
5
8
8
2
19
4
15
3
3
17
16
2
3
3
5
4
18
5
4
8
2
2
8
14
6
4
14
4
8
5
11
9
16
13
15
2
2
2
3
1
3
3
3
9
3
4
7
4
21
25
20
10
1
1
2
6
6
13
9
8
6
3
3
11
4
5
12
1
1
2
4
23
2
5
3
5
20
9
6
13
4
5
2
3
6
12
2
5
3
2
8
1
11
20
4
7
39
9
10
7
8
9
8
2
6
4
5
1
5
12
9
4
4
13
32
47
8
22
6
2
16
6
6
12
10
16
17
5
2
23
5
21
2
5
14
4
18
1
9
2
5
2
21
4
8
4
8
4
18
3
3
8
15
2
3
4
7
2
5
1
14
10
6
3
4
2
12
2
4
9
6
7
8
2
20
7
4
5
2
4
4
8
3
2
14
4
10
5
36
19
17
8
5
16
4
3
9
2
15
2
4
3
4
6
4
1
7
5
8
5
1
10
16
8
3
10
8
8
4
2
2
19
6
4
13
26
6
6
2
8
13
14
3
4
5
1
13
10
5
54
7
1
2
20
2
8
5
9
2
25
13
4
9
2
12
1
8
1
8
4
6
11
2
2
35
12
2
3
13
16
5
8
2
6
22
3
5
4
7
3
3
3
13
5
3
9
4
15
4
7
2
4
4
12
3
21
2
6
3
8
3
2
9
2
6
3
9
17
2
7
5
13
13
4
3
9
17
1
18
11
4
6
5
12
3
34
2
2
2
14
2
11
4
25
22
7
1
20
4
10
10
25
2
4
14
17
2
7
12
17
34
6
4
4
8
24
5
6
2
2
6
9
5
2
21
14
20
6
1
2
11
4
9
12
32
4
7
6
10
2
2
3
6
4
5
6
1
7
3
4
6
6
9
9
1
15
2
18
22
6
5
9
8
3
2
8
8
2
5
4
12
13
6
18
8
6
8
27
32
2
12
11
2
1
15
11
1
1
2
5
14
4
2
9
3
5
8
4
8
5
7
29
4
5
12
12
6
5
4
2
5
11
2
6
7
13
9
3
5
2
5
5
2
3
6
2
13
4
1
11
7
3
8
2
3
8
9
2
3
3
8
6
20
4
5
5
31
2
9
12
2
9
2
3
7
21
15
10
2
3
7
7
2
11
9
2
5
10
8
6
3
20
4
20
15
15
29
5
4
3
3
1
6
7
15
5
3
4
9
5
3
2
14
27
6
6
6
5
4
7
6
7
2
12
10
27
2
12
6
16
7
4
2
16
6
2
28
3
4
11
5
4
23
2
4
7
3
3
7
20
4
2
28
8
11
1
13
24
12
7
8
11
3
5
9
11
16
6
17
1
18
14
3
5
4
32
10
4
3
4
2
3
1
22
1
7
4
16
15
3
2
3
4
5
2
15
10
1
1
3
5
8
4
23
3
5
4
9
6
9
5
7
17
2
16
3
4
3
32
13
5
10
13
6
7
22
12
5
2
7
5
12
3
4
4
2
18
2
16
2
25
17
6
21
11
3
3
